   	0.0221168	0.026138	0.0301593	0.0341805	0.0382018	0.042223	0.0462442	0.0502655	0.0542867	0.058308	0.0623292	0.0663504	0.0703717	0.0743929	0.0784141	0.0824354	0.0864566	0.0904779	0.0944991	0.0985204	0.102542	0.106563	0.110584	0.114605	0.118627	0.122648	0.126669	0.13069	0.134711	0.138733	0.142754	0.146775	
0.00225	0	0	0	0	0	0	0	0	0	0	0	0	0	0	0	0	0	0	0	0	0	0	0	0	0	0	0	0	0	0	0	0	
0.00675	0.0100309	0.00442668	0	0	0	0	0	0	0	0	0	0	0	0	0	0	0	0	0	0	0	0	0	0	0	0	0	0	0	0	0	0	
0.01125	0.0232948	0.0132165	0.0137844	0.00974722	0.00566578	0	0	0	0	0	0	0	0	0	0	0	0	0	0	0	0	0	0	0	0	0	0	0	0	0	0	0	
0.01575	0.0527282	0.0291206	0.0203978	0.00910451	0.00945196	0.0118142	0.00862367	0.00560777	0.00168294	0	0	0	0	0	0	0	0	0	0	0	0	0	0	0	0	0	0	0	0	0	0	0	
0.02025	0.0993129	0.0640906	0.037976	0.0263387	0.0179215	0.00706121	0.00692003	0.00694754	0.00820534	0.00752971	0.00527816	0.00282642	0	0	0	0	0	0	0	0	0	0	0	0	0	0	0	0	0	0	0	0	
0.02475	0.11874	0.112774	0.071632	0.0413614	0.0287319	0.023301	0.0155477	0.00572643	0.00542167	0.00509623	0.0051174	0.00552732	0.00655961	0.004843	0.00308529	0	0	0	0	0	0	0	0	0	0	0	0	0	0	0	0	0	
0.02925	0.0967734	0.117476	0.114807	0.0806263	0.0511532	0.0341527	0.017852	0.0205568	0.013529	0.00483791	0.00441793	0.00413955	0.00394321	0.00387996	0.00412198	0.00578564	0.00444533	0.00309672	0.00143825	0	0	0	0	0	0	0	0	0	0	0	0	0	
0.03375	0.0770948	0.0928206	0.115008	0.123491	0.0858337	0.0521966	0.0375431	0.0261704	0.0154723	0.0178571	0.0117812	0.00405658	0.00369638	0.00342905	0.003215	0.00306919	0.00303475	0.0031575	0.00366985	0.00406866	0.00301314	0.0018171	0	0	0	0	0	0	0	0	0	0	
0.03825	0.0625464	0.0731565	0.0891791	0.112059	0.121887	0.0901923	0.0653313	0.0403769	0.0307321	0.0169776	0.013441	0.0155893	0.0103836	0.00347537	0.00310818	0.00290955	0.00269045	0.00255644	0.00248323	0.00241614	0.00250243	0.00276724	0.00371744	0.00287975	0.00196508	0.000651589	0	0	0	0	0	0	
0.04275	0.0511012	0.0593225	0.0697474	0.0854633	0.108114	0.129015	0.0985881	0.0650428	0.0444789	0.0306049	0.0241063	0.0118212	0.0116711	0.0137059	0.00920618	0.00296246	0.00271026	0.00249383	0.00232434	0.0021944	0.0020593	0.00200068	0.0020121	0.0020325	0.00219502	0.00279072	0.00274095	0.00201329	0.00113557	0	0	0	
0.04725	0.0430304	0.0481541	0.056072	0.0668215	0.0823647	0.104929	0.123016	0.0986297	0.0654781	0.0473075	0.0296135	0.0276427	0.0176488	0.0103343	0.0101512	0.0121529	0.00820829	0.00259078	0.00233816	0.00216388	0.00201667	0.00188518	0.00177172	0.0017115	0.00166657	0.00165002	0.00168764	0.00178228	0.00205696	0.00261067	0.00201323	0.00133412	
0.05175	0.035991	0.0402021	0.0459498	0.0533789	0.0640528	0.0793289	0.101188	0.128269	0.112511	0.0768256	0.0478386	0.0364033	0.0238518	0.0219667	0.00970291	0.00896411	0.00889103	0.0107977	0.00734453	0.00228138	0.00206851	0.00192312	0.00176087	0.00165748	0.0015563	0.00148736	0.00143262	0.00139275	0.00138895	0.00140999	0.00147371	0.00163961	
0.05625	0.0307256	0.0339567	0.0380311	0.043685	0.0511011	0.0610905	0.0761825	0.0977744	0.121949	0.113018	0.0853496	0.0537381	0.0398709	0.0214542	0.02481	0.0167726	0.00845479	0.00787009	0.00785864	0.00965673	0.0066388	0.00201393	0.00183405	0.00168097	0.00155354	0.00146186	0.00136333	0.00131104	0.0012561	0.00120622	0.00119134	0.00118516	
0.06075	0.0265229	0.0288543	0.0320226	0.0360479	0.0416249	0.0492735	0.0593545	0.0729628	0.0940856	0.120125	0.115442	0.0802371	0.0570703	0.0427146	0.0289652	0.0196886	0.0199845	0.0115819	0.00733952	0.0069099	0.00693053	0.00869852	0.00601858	0.00179532	0.00164235	0.00151153	0.00142444	0.00132758	0.00123529	0.00117911	0.00111104	0.00107586	
0.06525	0.0229513	0.0248078	0.0270395	0.0303303	0.0343058	0.0396957	0.0466349	0.0567187	0.0704816	0.0907261	0.11727	0.12202	0.0802254	0.0597276	0.0367271	0.0329577	0.0182378	0.0188464	0.0157479	0.00721511	0.00652143	0.00610854	0.00617097	0.00789044	0.00549807	0.00160905	0.00148288	0.00134027	0.00126919	0.0011819	0.00110354	0.0010404	
0.06975	0.0202151	0.0215303	0.0234761	0.0258378	0.0288881	0.032931	0.038161	0.045111	0.0544633	0.0680454	0.087564	0.113975	0.130029	0.0971112	0.0621022	0.0433862	0.0359862	0.0222546	0.0165418	0.0181046	0.0118491	0.00635679	0.00577451	0.00542118	0.00551432	0.00716348	0.00500036	0.00144928	0.00134106	0.00121173	0.00115623	0.00108012	
0.07425	0.0177549	0.0189105	0.0203846	0.0222472	0.0246063	0.0274462	0.0313345	0.0367022	0.0436745	0.0526791	0.0656333	0.0840955	0.110571	0.122358	0.104472	0.0675192	0.0479663	0.0338274	0.0268251	0.0156405	0.015231	0.0145927	0.0066079	0.00558918	0.00514583	0.00492969	0.00494068	0.0065579	0.0046191	0.00131167	0.00121366	0.00110469	
0.07875	0.015767	0.0167694	0.0178989	0.0193634	0.0211331	0.0235094	0.0264668	0.0302339	0.0352287	0.0419194	0.0506554	0.063565	0.0812836	0.107102	0.124554	0.0966599	0.0705937	0.0511508	0.0310474	0.0299294	0.0151676	0.0139943	0.0161236	0.011455	0.00540228	0.00489521	0.00461123	0.00441412	0.00446391	0.00602256	0.00426465	0.00119191	
0.08325	0.0142086	0.0148581	0.0157296	0.0169575	0.0183705	0.0201532	0.0225347	0.0253964	0.0290379	0.0337541	0.0401062	0.0488752	0.0608399	0.0779176	0.103102	0.129634	0.106464	0.0734115	0.0542023	0.0340745	0.0323905	0.021813	0.0134388	0.0128785	0.0135935	0.0083492	0.00487608	0.00443603	0.004124	0.0039913	0.00405825	0.00557037	
0.08775	0.0126609	0.0133257	0.0141579	0.0149981	0.0161632	0.0175969	0.0194163	0.0215883	0.0244848	0.0280909	0.0329989	0.0390959	0.0474647	0.0591017	0.0755477	0.0993657	0.122207	0.11122	0.0757467	0.0525554	0.0397083	0.0276218	0.0249057	0.0131611	0.0119543	0.0122286	0.0109564	0.00474976	0.00433623	0.00399357	0.00372847	0.00360398	
0.09225	0.0115099	0.0120017	0.0126213	0.0133586	0.0143594	0.0154642	0.0168039	0.0186607	0.0208003	0.0235079	0.0270069	0.0316037	0.0375745	0.0458222	0.056933	0.0732146	0.096124	0.12174	0.1178	0.0779684	0.0508371	0.0436448	0.0262824	0.0270912	0.0173539	0.011627	0.0108707	0.0126454	0.00846942	0.00423017	0.0038822	0.00359331	
0.09675	0.0104916	0.0108466	0.0113077	0.0119772	0.0127511	0.0137055	0.0148185	0.0161221	0.0179017	0.0200723	0.0228475	0.0261837	0.0306465	0.0363358	0.0441007	0.0549802	0.0703297	0.092838	0.119809	0.125243	0.0919128	0.0591313	0.0463002	0.02593	0.024985	0.0205833	0.011525	0.0104049	0.0102083	0.0103971	0.00576015	0.00381254	
0.10125	0.00951547	0.00989003	0.0103247	0.0109016	0.011482	0.0121841	0.0130461	0.0142578	0.015595	0.017339	0.0193625	0.0220559	0.0252032	0.0295914	0.0353642	0.0428222	0.0530584	0.067703	0.0895203	0.117609	0.119523	0.0907916	0.0636275	0.0490051	0.0325757	0.0235375	0.0227515	0.0124858	0.0102143	0.00939156	0.0102397	0.00829729	
0.10575	0.00876738	0.00905811	0.00941796	0.00975875	0.0102782	0.0109606	0.01178	0.0126452	0.0137521	0.0149667	0.0166453	0.0187297	0.0214015	0.0245027	0.0287226	0.034047	0.0416149	0.0514831	0.0654852	0.0863232	0.114333	0.12081	0.0923594	0.0667969	0.0441419	0.036375	0.0226925	0.0235493	0.016857	0.010012	0.00904611	0.00876359	
0.11025	0.00802634	0.00827569	0.00856283	0.00894638	0.00942545	0.00998148	0.010527	0.0112855	0.0121904	0.0133218	0.0146083	0.0160969	0.0180948	0.0207236	0.0238183	0.0278254	0.0331016	0.0403023	0.0497813	0.0632028	0.0828966	0.110763	0.124501	0.0928903	0.070269	0.042601	0.0392733	0.0225385	0.0208036	0.0192046	0.0100153	0.00897066	
0.11475	0.00739047	0.00764131	0.00789896	0.00818342	0.00851285	0.00899212	0.00954933	0.0100961	0.0108508	0.0117148	0.0127655	0.014055	0.0156806	0.0174631	0.0199627	0.0231106	0.0270521	0.0321052	0.0389485	0.0481361	0.0611799	0.0797928	0.106888	0.129846	0.0978787	0.0727875	0.048367	0.0416471	0.0262621	0.0199954	0.0209318	0.0137614	
0.11925	0.00689071	0.0070198	0.00728983	0.00757777	0.00787349	0.0081531	0.0086336	0.00919535	0.00976464	0.0105673	0.0113501	0.012468	0.0136408	0.0152506	0.017057	0.0193945	0.0223478	0.0261216	0.0312191	0.0376701	0.0467444	0.0592508	0.0770248	0.103213	0.130412	0.113564	0.0690031	0.0538219	0.0401713	0.0306545	0.0197038	0.0186467	
0.12375	0.00637379	0.00652277	0.00668424	0.00691053	0.00720863	0.00758198	0.00789497	0.00833203	0.00885077	0.00943324	0.0101511	0.0110065	0.0120098	0.0132982	0.0147539	0.0165673	0.0188484	0.0217604	0.0254314	0.0303403	0.0365571	0.045406	0.0573855	0.0743251	0.0999557	0.121308	0.118399	0.077519	0.0575614	0.0380148	0.0332961	0.0196653	
0.12825	0.00591797	0.00606808	0.00623024	0.00641702	0.00666661	0.00694152	0.00724881	0.00761011	0.00801137	0.00856153	0.00914278	0.00982087	0.0107619	0.0116232	0.0129129	0.014316	0.0162138	0.0184307	0.0211893	0.0246952	0.0294395	0.0355143	0.0437965	0.0554496	0.0717441	0.0958919	0.122367	0.109655	0.0826483	0.0609333	0.0375147	0.0355939	
0.13275	0.00551703	0.00566182	0.00576714	0.005973	0.00614131	0.00635007	0.00666277	0.00697423	0.00738644	0.00775919	0.00832384	0.00887145	0.00953925	0.0103604	0.0113872	0.0125741	0.0138781	0.0156126	0.0178307	0.0205073	0.0241493	0.0283594	0.0345706	0.0425149	0.0535962	0.0694096	0.0923566	0.12495	0.115056	0.0863181	0.0637175	0.0373048	
0.13725	0.00517264	0.00525754	0.00542609	0.00553969	0.00573574	0.00592862	0.00619134	0.00646223	0.00674772	0.00711692	0.00754444	0.00804639	0.00861428	0.0092606	0.010059	0.0110346	0.0122306	0.0136715	0.0153205	0.0174944	0.0198742	0.0235413	0.0276665	0.0336642	0.041259	0.0517724	0.0671887	0.0890957	0.118262	0.118523	0.089263	0.0666556	
0.14175	0.0048583	0.00492652	0.00503133	0.00517821	0.00532396	0.00551444	0.00568601	0.00594637	0.00620454	0.00653506	0.00688831	0.00729028	0.00777408	0.00844672	0.00906501	0.00984443	0.0107892	0.0118364	0.0132117	0.0148566	0.0170249	0.0195099	0.0228138	0.0268334	0.0325873	0.0399918	0.0502874	0.0646695	0.0857579	0.114986	0.123306	0.0915447	
0.14625	0.00453887	0.00463935	0.00473795	0.00485328	0.0049682	0.00514172	0.00531095	0.00548546	0.00577266	0.00602431	0.00633074	0.006707	0.00712967	0.00757191	0.0080972	0.00880049	0.00953551	0.0104428	0.0116035	0.0128818	0.0145856	0.0165258	0.018954	0.0221699	0.0263323	0.031674	0.0388325	0.0488496	0.0627698	0.0827731	0.111462	0.128528	
0.15075	0.00427728	0.00436394	0.00443736	0.00454472	0.00465952	0.00481787	0.0049584	0.00514525	0.00531151	0.00556805	0.0058367	0.00616246	0.00647407	0.00689207	0.00740122	0.0079356	0.00856659	0.00938906	0.0102002	0.0113014	0.0125108	0.0141195	0.0161969	0.0185405	0.0215651	0.0255832	0.0307409	0.0376746	0.0472106	0.0605396	0.079752	0.10757	
0.15525	0.00405074	0.00408793	0.00417283	0.00424537	0.00436245	0.00442378	0.0046132	0.00480001	0.00496156	0.00514916	0.00541837	0.00567218	0.00598665	0.00633953	0.00673596	0.00719332	0.00774286	0.00834544	0.00909851	0.0100507	0.0110643	0.0123244	0.0138442	0.0158283	0.0180638	0.0210912	0.0248588	0.0298958	0.0365916	0.045584	0.058422	0.0769949	
0.15975	0.00380264	0.00386583	0.0039448	0.00400884	0.00412045	0.00422482	0.00433533	0.00446939	0.00465277	0.00482918	0.00501484	0.0052494	0.00549697	0.00579786	0.00615866	0.00655847	0.00700408	0.0075299	0.00816213	0.0088513	0.00972349	0.0107556	0.0120084	0.0134341	0.0153931	0.0176649	0.0206177	0.0242796	0.0290154	0.0357843	0.044478	0.056754	
0.16425	0.00359991	0.00366253	0.00371087	0.00379466	0.00385619	0.00398015	0.00407997	0.00418384	0.00435266	0.00450141	0.00467143	0.00487222	0.00512028	0.00539796	0.00566731	0.00599372	0.00639375	0.00686018	0.00737257	0.00796209	0.00867815	0.0095421	0.0105243	0.0118132	0.0131273	0.0150113	0.0171617	0.0200984	0.0236907	0.0283191	0.0347166	0.0429854	
0.16875	0.00340596	0.00344887	0.00349346	0.00358019	0.00363608	0.00373782	0.00382602	0.00395016	0.00404056	0.00419156	0.00435981	0.00456318	0.00474809	0.00495149	0.00523618	0.00556033	0.00587827	0.00622411	0.00667157	0.00719935	0.00782484	0.00847032	0.00928881	0.0102361	0.0114819	0.0128398	0.0146531	0.0167626	0.0195182	0.0231651	0.0276003	0.0334698	
0.17325	0.00324348	0.00328216	0.00333373	0.00338447	0.00346488	0.00352467	0.00362529	0.00372399	0.00381878	0.00393088	0.00410007	0.00423402	0.00442107	0.00463512	0.00483053	0.00509317	0.00537301	0.00574187	0.00612125	0.00653383	0.00704525	0.0076568	0.00831314	0.00909733	0.0101332	0.0112953	0.0125922	0.0143531	0.0164122	0.0189863	0.0224564	0.026922	
0.17775	0.00308538	0.00310519	0.00315797	0.00320834	0.00326444	0.00333301	0.003426	0.003486	0.00360311	0.00373044	0.00381473	0.00395688	0.00413294	0.00429824	0.0045201	0.00472521	0.00497863	0.00525908	0.005602	0.00596027	0.00634315	0.00686875	0.00744941	0.00814978	0.00887125	0.00982207	0.0109832	0.0123268	0.0139717	0.0159619	0.0183889	0.0218642	
0.18225	0.00292185	0.0029568	0.00300227	0.00303737	0.00308331	0.00315714	0.00320576	0.00331422	0.00339955	0.00349311	0.0036068	0.00372728	0.00385779	0.00403984	0.00419847	0.00439609	0.00463372	0.00485861	0.00515136	0.00547371	0.00590489	0.00626974	0.00675561	0.00730003	0.00797992	0.00872117	0.00964158	0.0106872	0.0120215	0.013634	0.0156973	0.0181812	
0.18675	0.00278099	0.00282098	0.00284713	0.0028915	0.00295754	0.00298896	0.00305126	0.00312534	0.00321039	0.00329486	0.00339788	0.00350525	0.00365147	0.00376541	0.00392699	0.00409697	0.0043074	0.00451555	0.00476095	0.00505065	0.00532921	0.00570747	0.0061293	0.00659266	0.00713527	0.00778503	0.00851536	0.00936081	0.0104479	0.0117832	0.0133411	0.0152025	
0.19125	0.00263764	0.00268466	0.00270589	0.00276094	0.00279686	0.00285832	0.00291585	0.00297376	0.00304826	0.00311435	0.00321507	0.00331678	0.00341406	0.00353063	0.00369224	0.00381778	0.00401268	0.00418631	0.00442096	0.00466672	0.00493129	0.00526092	0.00559977	0.00598211	0.00646504	0.00697196	0.00758947	0.00836012	0.00920229	0.0102275	0.0115076	0.0130222	
0.19575	0.00253618	0.00255222	0.00259	0.00262251	0.00265668	0.00271113	0.00274166	0.00280754	0.00286902	0.00295883	0.00304293	0.00312135	0.00323011	0.00334887	0.00344788	0.00361391	0.00373357	0.0039459	0.00410673	0.00431708	0.00457151	0.00483604	0.00512442	0.0054921	0.00583251	0.00627561	0.00680902	0.00744985	0.00815649	0.00898867	0.010017	0.0112745	
0.20025	0.00242132	0.00244283	0.00247353	0.00249227	0.00254414	0.00256575	0.00264982	0.00268684	0.00274209	0.00281428	0.00287625	0.00296993	0.0030334	0.00315185	0.00325489	0.00336697	0.00351671	0.0036556	0.00382266	0.00400655	0.00422273	0.00445791	0.00468332	0.00497578	0.0052896	0.00569459	0.00618809	0.00666911	0.0073241	0.00800158	0.00882381	0.00976032	
0.20475	0.00231373	0.0023332	0.00236023	0.00239248	0.00242622	0.00246358	0.00249948	0.00254385	0.00260494	0.0026551	0.00272658	0.00280414	0.00289355	0.00296765	0.00307293	0.00319296	0.00330419	0.0034469	0.00357387	0.00374762	0.0039508	0.00409152	0.00435247	0.00459538	0.00487843	0.00525744	0.00559269	0.00600457	0.00649121	0.0071136	0.00776153	0.00863256	
0.20925	0.00222264	0.00223491	0.00225375	0.00228885	0.00230818	0.00234439	0.00238558	0.00244068	0.00249313	0.00253084	0.00259443	0.00266115	0.00273186	0.0028216	0.00290948	0.00299094	0.00310572	0.0032414	0.00337108	0.00350189	0.00360638	0.00378714	0.00398857	0.00421911	0.00451719	0.00473202	0.00506419	0.00547483	0.00589249	0.00638644	0.00697402	0.00762242	
0.21375	0.00212277	0.00212988	0.00216188	0.00219145	0.00221022	0.00225364	0.00228225	0.00231789	0.00234449	0.00242393	0.00247508	0.00252096	0.00260225	0.00266694	0.00275051	0.00284939	0.00294939	0.00303185	0.00313698	0.0032418	0.00338484	0.00355373	0.00373974	0.00393231	0.00412227	0.00438882	0.00467392	0.00497543	0.00534065	0.00578051	0.00625246	0.00684247	
0.21825	0.00203915	0.00206084	0.00207677	0.00209029	0.00212443	0.00215156	0.00218784	0.00221595	0.00226386	0.00230049	0.00234183	0.00241245	0.00246741	0.00253573	0.00260594	0.0026847	0.0027632	0.0028261	0.00291106	0.00303528	0.00317415	0.00333015	0.00343302	0.00358264	0.00380372	0.00402699	0.00427604	0.00455297	0.00489788	0.00526133	0.00572947	0.00617464	
0.22275	0.00194029	0.00196754	0.00198966	0.00200529	0.00202237	0.00204428	0.00207567	0.00212172	0.00217187	0.00220027	0.00224842	0.00229018	0.00235111	0.0024131	0.00248643	0.00255392	0.00258199	0.00266726	0.00277677	0.00285706	0.00294589	0.00304161	0.00319661	0.00336836	0.00351949	0.00372007	0.00395807	0.00422057	0.00445735	0.00473758	0.00507572	0.0055257	
0.22725	0.00188114	0.00189169	0.00190248	0.00191963	0.00195388	0.00198136	0.00200432	0.00202492	0.00204802	0.00210249	0.00215731	0.00219694	0.00224684	0.00229554	0.00231826	0.00235614	0.0024269	0.00251478	0.00258261	0.00265886	0.00274866	0.00288728	0.00299982	0.00315383	0.00330861	0.0034866	0.00363781	0.00382282	0.00407426	0.00436974	0.0046765	0.0050101	
0.23175	0.00180503	0.00181628	0.00182947	0.00185129	0.00186919	0.0018946	0.00191409	0.00195625	0.00198934	0.00201923	0.00205104	0.00209863	0.00212907	0.00215683	0.00219924	0.00224107	0.0023079	0.00233901	0.00240393	0.00250489	0.00259645	0.00269603	0.00281874	0.00289665	0.00304746	0.00317777	0.0033491	0.00356009	0.0037789	0.00399236	0.00427927	0.0046059	
0.23625	0.00173237	0.00175079	0.00176862	0.0017783	0.00180163	0.00182433	0.00183896	0.00186681	0.00189414	0.00193078	0.00196173	0.00199466	0.00199361	0.00202532	0.00208285	0.00211702	0.00214969	0.00221847	0.00229062	0.00236158	0.00244281	0.00250123	0.00259382	0.00271616	0.00283029	0.00297405	0.00313997	0.00331392	0.00349962	0.00372364	0.00395032	0.00421745	
0.24075	0.00167609	0.00168609	0.0016965	0.00171156	0.00172485	0.00174134	0.00178068	0.00179267	0.0018291	0.00184414	0.00186901	0.00186171	0.00190497	0.00193358	0.00192933	0.00198741	0.00204502	0.0020987	0.00213384	0.00219472	0.00226726	0.00235758	0.00245483	0.00255964	0.00267765	0.00281477	0.00292554	0.00307881	0.00322926	0.00343254	0.0036073	0.0038259	
0.24525	0.00161791	0.00162431	0.00162658	0.00165156	0.00166817	0.00167392	0.00170231	0.00171905	0.001742	0.00176125	0.00174219	0.00178376	0.00177517	0.00179776	0.00184766	0.00187952	0.00191264	0.0019453	0.00201048	0.00207056	0.00214995	0.00222815	0.00231587	0.00240454	0.00249235	0.00257861	0.00271321	0.00283635	0.00298101	0.00314358	0.00334491	0.00354596	
0.24975	0.00155122	0.0015592	0.00157187	0.00158467	0.00159932	0.00162179	0.00163593	0.00166021	0.00164472	0.00163559	0.00166244	0.00164739	0.00169169	0.00172568	0.00173221	0.00175169	0.00179351	0.00184818	0.00191611	0.00197558	0.00201208	0.00207764	0.00212761	0.00222973	0.0023029	0.00242304	0.00252542	0.00264419	0.00279719	0.0029193	0.00308147	0.00329166	
0.25425	0.00148725	0.00150184	0.00151715	0.00152787	0.00154885	0.00156304	0.00157206	0.0015591	0.001562	0.00155551	0.0015565	0.00158146	0.00158488	0.00158314	0.00162688	0.00167981	0.00171601	0.00174856	0.00177569	0.00182152	0.00188779	0.00194894	0.00202832	0.00209032	0.00218476	0.00227081	0.00239171	0.00249447	0.00260875	0.00274766	0.00291497	0.0030463	
0.25875	0.00144812	0.00145791	0.00146701	0.00147342	0.00148439	0.00149994	0.00147255	0.00146235	0.00144054	0.00146247	0.00145578	0.00146294	0.00149805	0.00153575	0.00154939	0.00156421	0.00159043	0.00163112	0.0016861	0.00173188	0.00178604	0.00184315	0.0019204	0.0019877	0.00205785	0.00214096	0.00223148	0.00232499	0.00244271	0.00255276	0.00268153	0.00283351	
0.26325	0.00140236	0.00140815	0.00141579	0.00142725	0.00142357	0.00139645	0.0013683	0.00136214	0.00137304	0.00135737	0.00138275	0.00139675	0.00139397	0.00140945	0.00144525	0.0014698	0.00151786	0.00156478	0.00160256	0.00164255	0.0016919	0.00173992	0.00177662	0.0018407	0.0019135	0.00197384	0.00205527	0.00214731	0.00224166	0.00235786	0.00246705	0.0026022	
0.26775	0.00135706	0.00135182	0.00137034	0.00135382	0.00131284	0.00129024	0.00128236	0.0012732	0.00127835	0.00127887	0.00128259	0.00129506	0.00132597	0.00134925	0.0013765	0.00139747	0.00141762	0.00143687	0.00147022	0.00151304	0.00155696	0.00161338	0.00167815	0.00172966	0.00181197	0.00187769	0.00194116	0.00203742	0.00211816	0.0022275	0.00231829	0.0024507	
0.27225	0.00129892	0.00131605	0.001285	0.00124299	0.00121584	0.00119373	0.00119159	0.00118479	0.00117203	0.00119816	0.00120889	0.00122061	0.00122937	0.00124502	0.00126905	0.00129989	0.00133437	0.00137577	0.00142095	0.00145272	0.00150122	0.0015455	0.0015876	0.00165897	0.00169704	0.00177442	0.00184655	0.00192414	0.00199573	0.00208944	0.00218123	0.00228349	
0.27675	0.00126378	0.00122282	0.0011723	0.00113946	0.00111835	0.00110521	0.00110153	0.00110345	0.00111115	0.00111511	0.00112052	0.00114645	0.00116265	0.00119232	0.00120776	0.00124329	0.00126471	0.00129903	0.00131768	0.00136134	0.00139381	0.00143554	0.00149486	0.0015336	0.00159454	0.00163457	0.00171426	0.001781	0.00186764	0.00194796	0.00204863	0.00214359	
0.28125	0.00114607	0.00109013	0.00105197	0.00103793	0.00102042	0.00101145	0.00101398	0.00101318	0.00103572	0.00103522	0.00105035	0.00105172	0.0010809	0.00108662	0.00111889	0.00113874	0.00116918	0.00119718	0.0012359	0.00126743	0.00130838	0.00135178	0.00138964	0.00144207	0.00149009	0.00154751	0.00160628	0.00165746	0.00173824	0.00180278	0.00188837	0.00196748	
0.28575	0.00101314	0.000973187	0.000948512	0.000937487	0.000930542	0.000930606	0.000929981	0.000935379	0.000943044	0.000960975	0.000978292	0.00100855	0.00102013	0.00104933	0.00106402	0.00109189	0.00112016	0.00115032	0.00118043	0.00122126	0.00125672	0.00129245	0.00132782	0.00136911	0.00141815	0.0014783	0.00152324	0.00158398	0.00163429	0.0017006	0.00178132	0.00185778	
0.29025	0.000883357	0.000851408	0.000847655	0.000840567	0.000842434	0.000847114	0.000851573	0.000867088	0.000869291	0.000882832	0.000903013	0.000906637	0.000929796	0.000949062	0.000971384	0.000997831	0.00102267	0.00104582	0.00108641	0.00111332	0.00114823	0.00118809	0.00123634	0.00128519	0.00133142	0.00137608	0.0014349	0.00149679	0.0015672	0.00162956	0.00168612	0.00177009	
0.29475	0.000744425	0.000748061	0.000740383	0.000742865	0.000754719	0.000764405	0.000774934	0.000790955	0.000805736	0.000823061	0.000837604	0.000865888	0.000884178	0.000908148	0.000935119	0.000955411	0.000976763	0.00100063	0.0010274	0.00105536	0.001091	0.00112626	0.00115636	0.00118349	0.00123028	0.00128125	0.00132209	0.00137248	0.00142049	0.00149354	0.00156168	0.00163552	
0.29925	0.000617159	0.000625266	0.000637177	0.000653541	0.000663432	0.000680383	0.000701094	0.000721387	0.00073548	0.000751764	0.000770477	0.000783719	0.000802313	0.000818901	0.000845147	0.00086871	0.000897662	0.000932348	0.000961623	0.00100087	0.00103327	0.00107067	0.00111234	0.00114718	0.00118374	0.00121351	0.00125942	0.00131068	0.00136379	0.00141529	0.00146072	0.00151735	
0.30375	0.000490069	0.000521832	0.000547657	0.000564857	0.000582301	0.000604946	0.000628598	0.000635635	0.000655419	0.000675312	0.000697084	0.000724959	0.00074783	0.000780513	0.000798544	0.000827084	0.000851023	0.000872686	0.000892002	0.000915864	0.000947582	0.000973826	0.00100948	0.00104913	0.00109802	0.00115432	0.00119899	0.00124506	0.001285	0.00133704	0.00139575	0.0014498	
0.30825	0.000371209	0.000406465	0.000446466	0.000474977	0.000503936	0.000529063	0.000544207	0.000571297	0.000593776	0.000619749	0.000645813	0.000670003	0.00069271	0.000698605	0.000720769	0.000748961	0.000778963	0.000814667	0.00084775	0.000883438	0.000910853	0.000934644	0.000962405	0.00100256	0.00102447	0.00105408	0.00109198	0.00113308	0.00119083	0.00124729	0.00131471	0.00137624	
0.31275	0.000242409	0.000304206	0.000344202	0.000389431	0.000423888	0.000451647	0.000478589	0.000505729	0.000535344	0.000565105	0.00057147	0.000595737	0.000615229	0.000658399	0.000688198	0.000710713	0.000730744	0.000744508	0.00076839	0.000790282	0.000819569	0.000868794	0.000907664	0.000948483	0.000974185	0.0010144	0.00105231	0.00107968	0.00111772	0.00116028	0.0012062	0.00125194	
0.31725	0.000127214	0.000204126	0.000261347	0.000299053	0.000342511	0.000378866	0.000410542	0.000440194	0.000475171	0.000487164	0.000521535	0.00054785	0.000583431	0.000594531	0.000610169	0.000631252	0.000667676	0.000705468	0.000744207	0.000761575	0.000787909	0.000799828	0.000821935	0.000852928	0.000895441	0.000946077	0.000990384	0.00103786	0.00107106	0.00110571	0.00114052	0.00118477	
0.32175	2.03054e-05	9.48379e-05	0.000163474	0.000221878	0.000267472	0.000304741	0.000342608	0.00037726	0.000402476	0.000435766	0.000468692	0.000491284	0.000506581	0.000533556	0.000572463	0.000607504	0.000616502	0.000638785	0.000651473	0.000688079	0.000727294	0.000772216	0.00080077	0.000815374	0.000846163	0.000866302	0.000892766	0.000936735	0.000994449	0.00104526	0.00109895	0.0011328	
0.32625	0	1.06102e-05	8.08886e-05	0.00014124	0.000195319	0.000238858	0.000275371	0.000316788	0.000343368	0.000377868	0.000407335	0.00042668	0.000462151	0.000501543	0.000514628	0.000525708	0.000563418	0.000597867	0.00063147	0.000654639	0.00066781	0.000679577	0.000720157	0.000770194	0.000811268	0.00083578	0.00086807	0.00089472	0.000912449	0.000947695	0.000997338	0.00106134	
0.33075	0	0	9.62019e-07	6.03699e-05	0.000118417	0.000169072	0.000211958	0.00025506	0.000287215	0.000325731	0.000346119	0.000383108	0.000412589	0.000427287	0.000455676	0.000502806	0.000521667	0.000528693	0.000557746	0.00059667	0.000633906	0.000663815	0.00067473	0.000692363	0.000721455	0.000762169	0.000811127	0.000846186	0.000883755	0.000906762	0.000934336	0.000968356	
0.33525	0	0	0	0	4.37672e-05	9.94803e-05	0.000150774	0.000187563	0.000230843	0.000260044	0.000297028	0.000332664	0.000348756	0.000388507	0.000422255	0.00043006	0.000462988	0.000505693	0.000525378	0.000538738	0.000557234	0.000595622	0.000638371	0.000675648	0.000690988	0.000717005	0.000734048	0.000770176	0.000813745	0.000873238	0.00090271	0.000931464	
0.33975	0	0	0	0	0	3.59161e-05	8.7504e-05	0.000130571	0.000174769	0.000206383	0.00025237	0.000272014	0.000313629	0.000337614	0.000356422	0.000393602	0.000424191	0.000438868	0.000463909	0.000511388	0.000543449	0.000554257	0.000573718	0.000599802	0.000642526	0.00068768	0.000703496	0.000728443	0.000752042	0.000776852	0.000826966	0.000882291	
0.34425	0	0	0	0	0	0	2.61451e-05	7.36641e-05	0.000123289	0.000158295	0.000190719	0.00022726	0.000265411	0.000283854	0.000330182	0.000347065	0.000370015	0.000407997	0.000437179	0.000442571	0.000469147	0.000512231	0.000546215	0.000560289	0.00058026	0.000597344	0.000653612	0.000698118	0.000718102	0.000740426	0.000765544	0.000792681	
0.34875	0	0	0	0	0	0	0	1.83626e-05	6.17823e-05	0.000110162	0.00014212	0.000188575	0.000206715	0.000252802	0.000265847	0.000300642	0.000339998	0.000350645	0.000377683	0.000422365	0.0004433	0.000457388	0.000481747	0.000525439	0.000559442	0.000579735	0.000589247	0.000609875	0.00066345	0.000713477	0.000736001	0.000761183	
0.35325	0	0	0	0	0	0	0	0	8.67684e-06	6.05832e-05	9.41322e-05	0.00012508	0.00016805	0.000193017	0.000227714	0.000266044	0.000277467	0.000321507	0.000349786	0.000356694	0.000387712	0.000437292	0.000448618	0.000467301	0.000489986	0.000535706	0.00057344	0.000586568	0.00060248	0.00062224	0.000673608	0.000725788	
0.35775	0	0	0	0	0	0	0	0	0	9.62019e-07	5.36245e-05	8.41547e-05	0.000122384	0.00015375	0.000191876	0.00020921	0.000255329	0.000270313	0.00029191	0.000340278	0.000355782	0.000362292	0.000408725	0.000449343	0.000461103	0.000470815	0.000503484	0.000554379	0.000586466	0.000599577	0.000614033	0.000637689	
0.36225	0	0	0	0	0	0	0	0	0	0	0	4.37672e-05	7.22714e-05	0.000120851	0.000137583	0.000181775	0.000193359	0.00023249	0.000270669	0.000273555	0.000316874	0.000352934	0.000359357	0.000373979	0.00042311	0.000461872	0.000468762	0.000484247	0.000517711	0.000570175	0.000599825	0.000617732	
0.36675	0	0	0	0	0	0	0	0	0	0	0	0	3.59161e-05	5.94085e-05	0.000108753	0.000126346	0.000167496	0.000194267	0.000211829	0.000260159	0.000271643	0.000287391	0.00033838	0.000358843	0.000373375	0.000392874	0.000442835	0.000464864	0.00048018	0.000495943	0.000535647	0.000586476	
0.37125	0	0	0	0	0	0	0	0	0	0	0	0	0	2.80955e-05	6.11186e-05	9.67261e-05	0.000123612	0.000151161	0.000193117	0.000199996	0.000239233	0.000273889	0.000278797	0.000310396	0.000351722	0.000368109	0.000377941	0.000417013	0.0004637	0.000478819	0.000492086	0.000505307	
0.37575	0	0	0	0	0	0	0	0	0	0	0	0	0	0	1.83626e-05	6.08798e-05	8.47696e-05	0.000124982	0.000135016	0.000183339	0.000198924	0.000218511	0.000267046	0.000279371	0.000289342	0.000335605	0.00036748	0.000377062	0.000386249	0.000435365	0.000474268	0.00049265	
0.38025	0	0	0	0	0	0	0	0	0	0	0	0	0	0	0	1.06102e-05	6.06424e-05	6.89105e-05	0.000121486	0.000127634	0.000166816	0.000195793	0.000202927	0.000248022	0.000275103	0.000284317	0.000312383	0.00035936	0.000372334	0.000382437	0.000407305	0.000455191	
0.38475	0	0	0	0	0	0	0	0	0	0	0	0	0	0	0	0	2.88792e-06	5.56018e-05	6.19657e-05	0.000109384	0.000127003	0.000152617	0.000194633	0.000199731	0.000227353	0.000271324	0.000277961	0.000290026	0.000342337	0.000372109	0.000384228	0.000392043	
0.38925	0	0	0	0	0	0	0	0	0	0	0	0	0	0	0	0	0	0	4.57348e-05	6.17219e-05	9.73539e-05	0.000124304	0.000136461	0.000186819	0.000202726	0.00021075	0.000259232	0.00028077	0.000283528	0.000313823	0.000363221	0.000376987	
0.39375	0	0	0	0	0	0	0	0	0	0	0	0	0	0	0	0	0	0	0	3.7876e-05	6.14795e-05	8.73402e-05	0.000123691	0.00012907	0.000170399	0.000197482	0.000204907	0.000238239	0.000279009	0.000284323	0.000296691	0.000348868	
0.39825	0	0	0	0	0	0	0	0	0	0	0	0	0	0	0	0	0	0	0	0	3.00478e-05	6.12386e-05	7.54383e-05	0.000125133	0.000128429	0.000156117	0.000198302	0.000203587	0.000221792	0.000274708	0.000282449	0.000292339	
0.40275	0	0	0	0	0	0	0	0	0	0	0	0	0	0	0	0	0	0	0	0	0	2.22501e-05	6.09991e-05	6.15546e-05	0.000113967	0.000129815	0.000139935	0.000190468	0.000202427	0.000207879	0.000253462	0.000280671	
0.40725	0	0	0	0	0	0	0	0	0	0	0	0	0	0	0	0	0	0	0	0	0	0	1.44826e-05	6.07609e-05	6.03529e-05	0.000101909	0.000127221	0.000132664	0.000175984	0.000199331	0.000208916	0.000236923	
0.41175	0	0	0	0	0	0	0	0	0	0	0	0	0	0	0	0	0	0	0	0	0	0	0	6.74533e-06	5.95622e-05	6.20881e-05	9.18726e-05	0.000126594	0.000130011	0.000163704	0.000198205	0.000205568	
0.41625	0	0	0	0	0	0	0	0	0	0	0	0	0	0	0	0	0	0	0	0	0	0	0	0	0	4.96758e-05	6.18436e-05	7.99442e-05	0.000127961	0.000129364	0.000147377	0.000197154	
0.42075	0	0	0	0	0	0	0	0	0	0	0	0	0	0	0	0	0	0	0	0	0	0	0	0	0	0	4.18016e-05	6.16005e-05	6.80852e-05	0.000120609	0.000128783	0.00013527	
0.42525	0	0	0	0	0	0	0	0	0	0	0	0	0	0	0	0	0	0	0	0	0	0	0	0	0	0	0	3.39581e-05	6.13589e-05	6.30181e-05	0.00011048	0.000128145	
0.42975	0	0	0	0	0	0	0	0	0	0	0	0	0	0	0	0	0	0	0	0	0	0	0	0	0	0	0	0	2.61451e-05	6.11186e-05	6.2768e-05	9.8443e-05	
0.43425	0	0	0	0	0	0	0	0	0	0	0	0	0	0	0	0	0	0	0	0	0	0	0	0	0	0	0	0	0	1.83626e-05	6.08798e-05	6.25195e-05	
0.43875	0	0	0	0	0	0	0	0	0	0	0	0	0	0	0	0	0	0	0	0	0	0	0	0	0	0	0	0	0	0	1.06102e-05	6.06424e-05	
0.44325	0	0	0	0	0	0	0	0	0	0	0	0	0	0	0	0	0	0	0	0	0	0	0	0	0	0	0	0	0	0	0	2.88792e-06	
0.44775	0	0	0	0	0	0	0	0	0	0	0	0	0	0	0	0	0	0	0	0	0	0	0	0	0	0	0	0	0	0	0	0	
