# name    zcmb        zhel        dz         mb           dmb         s           ds          color       dcolor    cov_m_s     cov_m_c    cov_s_c
1990O     0.030630    0.030630    0.000000   16.196260    0.023420    1.034910    0.032780    0.016690    0.023110  -0.000100   0.000340  -0.000050
1990af    0.050220    0.050220    0.000000   17.723230    0.005780    0.737140    0.000420   -0.000900    0.008910   0.000000   0.000020   0.000000
1992ae    0.074790    0.074790    0.000000   18.392060    0.036500    0.938560    0.020520   -0.022520    0.025010  -0.000310   0.000680  -0.000170
1992ag    0.025940    0.025940    0.000000   16.240850    0.021290    1.030190    0.026630    0.154590    0.017950  -0.000180   0.000260  -0.000080
1992aq    0.100830    0.100830    0.000000   19.298980    0.027750    0.839060    0.031610   -0.047780    0.020370  -0.000230   0.000270  -0.000000
1992bc    0.019830    0.019830    0.000000   15.085520    0.007250    1.033110    0.007480   -0.031470    0.008000   0.000030   0.000030   0.000010
1992bh    0.045120    0.045120    0.000000   17.592250    0.015910    0.984850    0.016010    0.095290    0.014330  -0.000090   0.000130  -0.000060
1992bl    0.042910    0.042910    0.000000   17.275070    0.032530    0.783810    0.015910   -0.013820    0.019660  -0.000270   0.000490  -0.000150
1992bo    0.018140    0.018140    0.000000   15.752590    0.011930    0.738690    0.005960    0.055330    0.011160   0.000050   0.000070   0.000010
1992bp    0.078850    0.078850    0.000000   18.281490    0.011010    0.873420    0.013550   -0.043480    0.012290   0.000040   0.000050  -0.000010
1992br    0.087760    0.087760    0.000000   19.397700    0.072700    0.649620    0.028880    0.032140    0.036660  -0.001670   0.002200  -0.000620
1992bs    0.063360    0.063360    0.000000   18.176640    0.040750    1.000930    0.018160   -0.034390    0.019490  -0.000350   0.000630  -0.000140
1992P     0.026320    0.026320    0.000000   16.036830    0.018190    1.139420    0.083660   -0.004860    0.017560  -0.000510   0.000130   0.000480
1993ag    0.050100    0.050100    0.000000   17.799300    0.014310    0.914720    0.017910    0.095820    0.017330   0.000090   0.000120  -0.000040
1993B     0.070760    0.070760    0.000000   18.377210    0.053890    0.988300    0.021560    0.040800    0.026260  -0.000550   0.001190  -0.000220
1993H     0.024820    0.024820    0.000000   16.734650    0.016900    0.699250    0.012430    0.250290    0.015130  -0.000080   0.000160  -0.000060
1993O     0.052980    0.052980    0.000000   17.613560    0.010690    0.901400    0.010020   -0.014190    0.011040   0.000070   0.000070   0.000020
1994M     0.024160    0.024160    0.000000   16.204500    0.040900    0.854290    0.019270    0.040220    0.021520  -0.000480   0.000750  -0.000190
1994S     0.016150    0.016150    0.000000   14.759610    0.016900    1.018450    0.026240    0.016240    0.017270   0.000300   0.000130  -0.000030
1995ac    0.048760    0.048760    0.000000   17.026040    0.009280    1.042140    0.012850    0.009790    0.009510   0.000050   0.000050   0.000020
1995bd    0.015880    0.015880    0.000000   15.245780    0.008760    0.992470    0.008660    0.293150    0.008410   0.000060   0.000050   0.000020
1996ab    0.124700    0.124700    0.000000   19.524880    0.027240    0.957320    0.032730   -0.074360    0.015050  -0.000580   0.000110  -0.000100
1996bl    0.034800    0.034800    0.000000   16.611430    0.010470    0.983290    0.015010    0.036800    0.010950   0.000080   0.000070   0.000020
1996bo    0.016310    0.016310    0.000000   15.815710    0.005970    0.881260    0.003100    0.342790    0.006750   0.000010   0.000030   0.000010
1996bv    0.016830    0.016830    0.000000   15.379700    0.019410    0.989150    0.024400    0.224580    0.009470  -0.000330   0.000140  -0.000070
1996C     0.030130    0.030130    0.000000   16.636280    0.029100    1.045480    0.110720    0.122260    0.009610   0.003190   0.000030   0.000060
1997dg    0.029610    0.029610    0.000000   16.821320    0.013630    0.916890    0.023510    0.005460    0.010450  -0.000040   0.000100   0.000060
1997Y     0.016610    0.016610    0.000000   15.284230    0.020340    0.915510    0.023840    0.007760    0.014070  -0.000350   0.000240  -0.000190
1998ab    0.027900    0.027900    0.000000   16.048400    0.010380    0.937630    0.007810    0.071370    0.007440   0.000070   0.000060   0.000030
1998dx    0.053710    0.053710    0.000000   17.659990    0.055020    0.733440    0.038920   -0.028340    0.018820  -0.001750   0.000890  -0.000410
1998eg    0.023510    0.023510    0.000000   16.088950    0.009150    0.940140    0.028540    0.035590    0.011520   0.000110   0.000080   0.000110
1998V     0.017210    0.017210    0.000000   15.094470    0.010680    0.908560    0.016240    0.030270    0.006490  -0.000080   0.000040   0.000000
1999aw    0.039280    0.039280    0.000000   16.732040    0.004970    1.205280    0.008460    0.044060    0.005850   0.000030   0.000020   0.000020
1999cc    0.031560    0.031560    0.000000   16.790910    0.009160    0.840390    0.013200    0.042810    0.009890   0.000070   0.000040   0.000010
1999ek    0.017650    0.017650    0.000000   15.584260    0.004470    0.892350    0.007260    0.152670    0.004550   0.000010   0.000010   0.000000
1999gp    0.026050    0.026050    0.000000   16.004900    0.003770    1.103820    0.006710    0.082660    0.004010   0.000020   0.000010   0.000010
2000ca    0.024560    0.024560    0.000000   15.509910    0.007320    1.006130    0.012560   -0.065590    0.006350   0.000050   0.000030   0.000030
2000cf    0.036490    0.036490    0.000000   17.090880    0.027230    0.867860    0.023730    0.053880    0.013120  -0.000510   0.000280  -0.000150
2000cn    0.023230    0.023230    0.000000   16.544080    0.007430    0.732250    0.006130    0.190390    0.006300   0.000040   0.000030   0.000020
2000dk    0.016450    0.016450    0.000000   15.323350    0.005350    0.723710    0.006420    0.051930    0.004960   0.000020   0.000010   0.000010
2000fa    0.021840    0.021840    0.000000   15.831960    0.014070    0.952690    0.009720    0.081250    0.008700   0.000130   0.000100   0.000060
2001ba    0.030570    0.030570    0.000000   16.182150    0.006230    1.000020    0.010990   -0.043220    0.007910   0.000030   0.000010  -0.000000
2001cn    0.015430    0.015430    0.000000   15.271230    0.013330    0.911460    0.011860    0.208270    0.007040  -0.000100   0.000070  -0.000030
2001cz    0.017340    0.017340    0.000000   15.035370    0.005970    1.003660    0.010060    0.119640    0.006630   0.000030   0.000030   0.000010
03D1au    0.504300    0.504300    0.001000   22.978380    0.009960    1.123850    0.019500    0.029850    0.018100   0.000000   0.000010   0.000050
03D1aw    0.581700    0.581700    0.001000   23.598760    0.019550    1.001710    0.023770    0.018230    0.030410  -0.000010  -0.000060   0.000250
03D1ax    0.496000    0.496000    0.001000   22.957270    0.011160    0.899060    0.010110   -0.043680    0.021170  -0.000010   0.000000  -0.000000
03D1bp    0.346000    0.346000    0.001000   22.464910    0.013550    0.880220    0.007110    0.142710    0.017210   0.000000   0.000190   0.000010
03D1cm    0.870000    0.870000    0.001000   24.468530    0.066310    1.172810    0.060930   -0.034630    0.143270   0.000870  -0.007620  -0.000070
03D1co    0.679000    0.679000    0.001000   24.093750    0.033380    0.974890    0.032270   -0.021450    0.047390   0.000460  -0.000120   0.000660
03D1ew    0.868000    0.868000    0.001000   24.358670    0.078280    1.028270    0.040000   -0.102300    0.168930   0.000450  -0.012170   0.000250
03D1fc    0.331000    0.331000    0.001000   21.799670    0.005010    0.936950    0.004910    0.042150    0.004090   0.000020   0.000010   0.000000
03D1fl    0.688000    0.688000    0.001000   23.629190    0.015110    0.998780    0.024000   -0.070280    0.020520   0.000040  -0.000130   0.000140
03D1fq    0.800000    0.800000    0.001000   24.519300    0.030460    0.806340    0.051510    0.027090    0.030400   0.001110   0.000130   0.000890
03D1gt    0.548000    0.548000    0.001000   24.119220    0.047670    0.856070    0.041810    0.244420    0.050370   0.001750   0.001580   0.001360
03D3af    0.532000    0.532000    0.001000   23.470360    0.026660    0.906920    0.022870    0.028620    0.031390   0.000450  -0.000240  -0.000090
03D3aw    0.449000    0.449000    0.001000   22.552130    0.016210    0.954510    0.012690   -0.047570    0.018880   0.000160   0.000050  -0.000020
03D3ay    0.370900    0.370900    0.001000   22.200930    0.015510    0.967810    0.010450   -0.017870    0.014190   0.000120   0.000120   0.000020
03D3ba    0.291200    0.291200    0.001000   22.048970    0.034190    1.036180    0.021310    0.263480    0.014790  -0.000350   0.000400  -0.000120
03D3bh    0.248600    0.248600    0.001000   21.132020    0.018130    0.993040    0.007510   -0.090170    0.013170   0.000080   0.000220   0.000030
03D3cc    0.462700    0.462700    0.001000   22.557750    0.111200    1.074370    0.030650   -0.070070    0.049880  -0.002640   0.005350  -0.001110
03D3cd    0.460700    0.460700    0.001000   22.562160    0.016540    1.130990    0.034020    0.025340    0.011330   0.000530   0.000140   0.000240
03D4ag    0.285000    0.285000    0.001000   21.236670    0.004890    1.058520    0.005300   -0.061380    0.003670   0.000020  -0.000000   0.000000
03D4at    0.633000    0.633000    0.001000   23.746240    0.020050    0.989470    0.028610   -0.060060    0.029990   0.000200  -0.000150   0.000330
03D4cn    0.818000    0.818000    0.001000   24.651750    0.051390    0.742950    0.059330    0.023140    0.157540   0.000550  -0.005800  -0.000140
03D4cx    0.949000    0.949000    0.001000   24.504260    0.082900    0.882210    0.019350    0.080120    0.123560   0.000110  -0.009160   0.000110
03D4cy    0.927100    0.927100    0.001000   24.718010    0.109190    1.031110    0.052370   -0.305160    0.174480   0.000790  -0.017150   0.001140
03D4cz    0.695000    0.695000    0.001000   24.019020    0.036090    0.729160    0.024340   -0.069150    0.043050   0.000590  -0.000040   0.000360
03D4dh    0.626800    0.626800    0.001000   23.388670    0.011240    1.061160    0.012780    0.028040    0.015640   0.000050  -0.000060   0.000050
03D4di    0.905000    0.905000    0.001000   24.287740    0.067920    1.103320    0.041330    0.029020    0.119810   0.000600  -0.007050   0.000270
03D4dy    0.604000    0.604000    0.001000   23.313240    0.009660    1.056060    0.001430    0.122180    0.014990   0.000000  -0.000050   0.000000
03D4fd    0.791000    0.791000    0.001000   24.212440    0.025220    0.919030    0.033460    0.028030    0.043790   0.000010  -0.000530   0.000810
03D4gf    0.581000    0.581000    0.001000   23.351380    0.013260    1.008760    0.026420   -0.056140    0.024330   0.000110  -0.000080   0.000350
03D4gg    0.592000    0.592000    0.001000   23.402520    0.023870    0.966170    0.048850    0.062190    0.035250   0.000380  -0.000340   0.000700
03D4gl    0.571000    0.571000    0.001000   23.269290    0.025960    0.956670    0.033070    0.029710    0.027550   0.000680   0.000120   0.000390
04D1ag    0.557000    0.557000    0.001000   23.002890    0.010890    0.944080    0.013260   -0.181570    0.016740   0.000100   0.000020   0.000130
04D1aj    0.721000    0.721000    0.001000   23.900880    0.029810    1.074070    0.067240    0.072130    0.038330   0.001180  -0.000020   0.001550
04D1ak    0.526000    0.526000    0.001000   23.631270    0.027810    0.824240    0.021060    0.017820    0.033370   0.000470   0.000440   0.000330
04D2cf    0.369000    0.369000    0.001000   22.339900    0.007290    0.895010    0.003380    0.001870    0.010280   0.000000   0.000030   0.000000
04D2fp    0.415000    0.415000    0.001000   22.528390    0.010120    0.964250    0.009770    0.006350    0.014960   0.000050   0.000090   0.000020
04D2fs    0.357000    0.357000    0.001000   22.422150    0.008280    0.942050    0.008600    0.128150    0.007720   0.000040   0.000030   0.000030
04D2gb    0.430000    0.430000    0.001000   22.795820    0.017910    0.776940    0.012980   -0.007650    0.025130   0.000100   0.000290   0.000050
04D2gc    0.521000    0.521000    0.001000   23.320990    0.014370    1.065500    0.023800    0.184730    0.021950   0.000180   0.000060   0.000030
04D2gp    0.707000    0.707000    0.001000   24.150770    0.047310    0.800510    0.001710   -0.052160    0.059540   0.000000  -0.001790   0.000000
04D2iu    0.691000    0.691000    0.001000   24.257910    0.048030    0.799500    0.035060    0.074260    0.055930   0.000820  -0.001240   0.000150
04D2ja    0.741000    0.741000    0.001000   24.097800    0.044770    0.945440    0.036140   -0.066500    0.042980   0.000830  -0.000960   0.000310
04D3co    0.620000    0.620000    0.001000   23.781400    0.022250    0.894760    0.017130   -0.064360    0.030320   0.000220  -0.000030   0.000130
04D3cp    0.830000    0.830000    0.001000   24.235460    0.062770    1.110200    0.034590   -0.447670    0.179910   0.000530  -0.010300   0.000060
04D3cy    0.643000    0.643000    0.001000   23.798050    0.021120    0.963160    0.015800    0.017330    0.029160   0.000160  -0.000130   0.000120
04D3dd    1.010000    1.010000    0.001000   25.119600    0.192070    1.087590    0.073760   -0.070810    0.204890   0.004480  -0.036650  -0.000550
04D3df    0.470000    0.470000    0.001000   23.465070    0.009530    0.730300    0.009800    0.059880    0.017120   0.000030   0.000050   0.000000
04D3do    0.610000    0.610000    0.001000   23.573670    0.014140    0.861610    0.013140   -0.079320    0.018780   0.000070  -0.000050   0.000070
04D3ez    0.263000    0.263000    0.001000   21.677710    0.003660    0.894630    0.005830    0.091110    0.003410   0.000010   0.000000   0.000000
04D3fk    0.357800    0.357800    0.001000   22.532460    0.005490    0.913140    0.005400    0.149200    0.005730   0.000020   0.000010   0.000010
04D3fq    0.730000    0.730000    0.001000   24.127960    0.025810    0.899680    0.014340   -0.002480    0.037080   0.000020  -0.000480   0.000100
04D3gt    0.451000    0.451000    0.001000   23.235060    0.009730    0.952750    0.009580    0.276340    0.016330   0.000030   0.000060  -0.000000
04D3gx    0.910000    0.910000    0.001000   24.707680    0.094060    0.951710    0.046840   -0.201930    0.163060   0.000510  -0.014040   0.001130
04D3hn    0.551600    0.551600    0.001000   23.474590    0.010850    0.898120    0.010770    0.105960    0.017390   0.000050  -0.000000   0.000020
04D3is    0.710000    0.710000    0.001000   24.256200    0.027450    0.971550    0.001670    0.220040    0.037500   0.000000  -0.000520   0.000000
04D3ki    0.930000    0.930000    0.001000   24.870870    0.126190    0.900600    0.039120   -0.256090    0.194080   0.000770  -0.023080   0.000350
04D3kr    0.337300    0.337300    0.001000   21.966960    0.003280    1.063510    0.003590    0.072190    0.003450   0.000010   0.000010   0.000000
04D3ks    0.752000    0.752000    0.001000   23.881730    0.035310    1.012890    0.036740    0.025650    0.042900   0.000420  -0.000630   0.000830
04D3lp    0.983000    0.983000    0.001000   24.925160    0.167950    0.830700    0.048970    0.021900    0.210660   0.001090  -0.033040   0.000790
04D3lu    0.821800    0.821800    0.001000   24.342320    0.039640    0.949720    0.028400    0.019110    0.116150   0.000350  -0.003220   0.000110
04D3ml    0.950000    0.950000    0.001000   24.551820    0.082480    1.181590    0.015350    0.116970    0.121580   0.000040  -0.009120   0.000140
04D3nc    0.817000    0.817000    0.001000   24.271180    0.047610    1.111440    0.064220    0.061920    0.140260   0.001360  -0.003460   0.002280
04D3nh    0.340200    0.340200    0.001000   22.137220    0.004000    1.011110    0.005830    0.088810    0.003770   0.000020   0.000000   0.000010
04D3nr    0.960000    0.960000    0.001000   24.541620    0.074680    0.922350    0.045200    0.069570    0.109880   0.000710  -0.006340   0.001510
04D3ny    0.810000    0.810000    0.001000   24.272480    0.050440    1.005240    0.083520   -0.065390    0.152430   0.002190  -0.004830   0.001470
04D3oe    0.756000    0.756000    0.001000   24.068690    0.025850    0.783290    0.028370   -0.258990    0.033430   0.000380  -0.000040   0.000670
04D4an    0.613000    0.613000    0.001000   24.021980    0.022700    0.823320    0.025430    0.064000    0.024660   0.000410  -0.000020   0.000220
04D4bk    0.840000    0.840000    0.001000   24.314340    0.037470    1.049720    0.051310    0.142350    0.097970   0.000730  -0.002250   0.001340
04D4bq    0.550000    0.550000    0.001000   23.361650    0.020310    0.995220    0.028810    0.112320    0.027350   0.000410   0.000260   0.000320
04D4dm    0.811000    0.811000    0.001000   24.389780    0.043960    1.000010    0.056730   -0.160610    0.150250   0.000270  -0.004320   0.002040
04D4dw    0.961000    0.961000    0.001000   24.565800    0.093380    0.962040    0.057700   -0.116850    0.137620  -0.000490  -0.011710   0.003000
