# snname     z_cmb       z_hel       dz          mb           dmb        stretch     dstretch   E(B-V)      dE(B-V)    cov_mb_s      cov_mag_ebv   cov_s_ebv
   1990O     0.0302      0.0303      0.0000      16.1760      0.0270     1.1060      0.0260      0.0010      0.0260     0.00016000   -0.00051168   0.00
  1990af     0.0502      0.0506      0.0000      17.7600      0.0090     0.7490      0.0100      0.0110      0.0110    -1.2000E-05   -6.9000E-05   0.00
   1992P     0.0263      0.0252      0.0000      16.0490      0.0170     1.0610      0.0270     -0.0080      0.0190     8.9000E-05   -0.00023644   0.00
  1992ae     0.0748      0.0752      0.0000      18.4160      0.0440     0.9570      0.0180      0.0030      0.0310     0.00026300    -0.0011381   0.00
  1992ag     0.0259      0.0249      0.0000      16.2640      0.0240     1.0530      0.0150      0.1890      0.0210     0.00012000   -0.00039900   0.00
  1992al     0.0141      0.0146      0.0000      14.4780      0.0120     0.9590      0.0110     -0.0250      0.0130    -4.7000E-05   -0.00010508   0.00
  1992aq     0.1009      0.1018      0.0000      19.3040      0.0220     0.8780      0.0170     -0.0190      0.0260    -0.00015200   -0.00042165   0.00
  1992bc     0.0198      0.0202      0.0000      15.1030      0.0080     1.0530      0.0060     -0.0460      0.0090    -2.5000E-05   -3.9000E-05   0.00
  1992bg     0.0357      0.0352      0.0000      16.6550      0.0440     1.0030      0.0140     -0.0060      0.0260     0.00011400   -0.00098592   0.00
  1992bh     0.0451      0.0450      0.0000      17.6010      0.0200     1.0270      0.0160      0.1000      0.0190     0.00017300   -0.00029767   0.00
  1992bl     0.0429      0.0437      0.0000      17.3110      0.0340     0.8120      0.0120     -0.0020      0.0240     0.00019400   -0.00068139   0.00
  1992bo     0.0181      0.0189      0.0000      15.7780      0.0130     0.7560      0.0050      0.0430      0.0120    -5.0000E-05   -8.6000E-05   0.00
  1992bp     0.0789      0.0793      0.0000      18.2940      0.0150     0.9060      0.0140     -0.0560      0.0170        -0.0000   -0.00017567   0.00
  1992bs     0.0634      0.0637      0.0000      18.2000      0.0390     1.0380      0.0160     -0.0310      0.0240     0.00023900   -0.00082145   0.00
   1993B     0.0707      0.0696      0.0000      18.3700      0.0440     1.0210      0.0190      0.0710      0.0290    -0.00013900    -0.0010891   0.00
   1993O     0.0519      0.0510      0.0000      17.6410      0.0120     0.9260      0.0070     -0.0140      0.0120    -5.2000E-05   -1.0000E-04   0.00
  1993ag     0.0500      0.0490      0.0000      17.8260      0.0180     0.9360      0.0150      0.1200      0.0210    -2.2000E-05   -0.00024780   0.00
   1994M     0.0241      0.0230      0.0000      16.2420      0.0330     0.8820      0.0150      0.0630      0.0220     0.00019600   -0.00061700   0.00
   1994S     0.0161      0.0152      0.0000      14.7800      0.0180     1.0330      0.0260     -0.0100      0.0190    -0.00026900   -0.00017300   0.00
  1995ac     0.0488      0.0500      0.0000      17.0490      0.0110     1.0830      0.0120     -0.0050      0.0110    -2.0000E-05   -8.0000E-05   0.00
   1996C     0.0301      0.0296      0.0000      16.5670      0.0390     1.1200      0.0200      0.0510      0.0270     0.00042800   -0.00087023   0.00
  1996ab     0.1247      0.1242      0.0000      19.5650      0.0390     0.9340      0.0320     -0.0820      0.0290     0.00096500   -0.00087812   0.00
  1996bl     0.0348      0.0360      0.0000      16.6640      0.0110     1.0310      0.0150      0.0360      0.0120    -3.8000E-05   -9.0000E-05   0.00
  1995aw     0.4000      0.4000      0.0061      22.2840      0.0280     1.1940      0.0370     -0.1600      0.1070    -0.00040100   -0.00061395   0.00
  1995as     0.4980      0.4980      0.0002      23.6860      0.0660     1.0350      0.0900      0.0510      0.2120     0.00054800    -0.0046446   0.00
  1995ar     0.4650      0.4650      0.0011      23.4850      0.0820     0.9090      0.1040      0.4480      0.2420     -0.0043440    -0.0056837   0.00
  1995az     0.4500      0.4500      0.0002      22.6990      0.0690     0.9730      0.0640     -0.0890      0.1440     -0.0014240    -0.0040405   0.00
  1995ay     0.4800      0.4800      0.0002      23.0730      0.0420     0.8800      0.0640      0.0470      0.1700     -0.0013480    -0.0016570   0.00
  1995ba     0.3880      0.3880      0.0002      22.6390      0.0560     0.9710      0.0470     -0.0330      0.1100     -0.0018890    -0.0020785   0.00
  1995ax     0.6150      0.6150      0.0003      23.2140      0.0620     1.1120      0.0730     -0.1530      0.2490     0.00067600    -0.0048152   0.00
  1996cf     0.5700      0.5700      0.0021      23.3100      0.0310     0.9960      0.0450     -0.0540      0.1070    -0.00026900    -0.0010853   0.00
  1996cg     0.4900      0.4900      0.0020      23.0890      0.0280     1.0110      0.0400      0.2050      0.1070    -0.00014900   -0.00080088   0.00
  1996ci     0.4950      0.4950      0.0002      22.8290      0.0240     0.9640      0.0400     -0.0330      0.0750    -7.0000E-05   -0.00060000   0.00
  1996cl     0.8280      0.8280      0.0004      24.5300      0.1710     0.9740      0.2390     -0.3440      0.2510       0.011014     -0.036167   0.00
  1996cm     0.4500      0.4500      0.0021      23.2630      0.0690     0.8990      0.0610      0.1240      0.1850     -0.0026870    0.00029557   0.00
  1997i      0.1720      0.1720      0.0002      20.3390      0.0140     0.9670      0.0090      0.0260      0.0640    -2.4000E-05   -0.00025328   0.00
  1997h      0.5260      0.5260      0.0002      23.2620      0.0350     0.8820      0.0430      0.1500      0.1940     2.2000E-05    -0.0013324   0.00
  1997f      0.5800      0.5800      0.0003      23.5120      0.0610     1.0410      0.0660      0.0630      0.2320     -0.0013920    -0.0039110   0.00
  1997n      0.1800      0.1800      0.0002      20.3770      0.0190     1.0670      0.0150      0.2000      0.1230    -0.00019200   -0.00014548   0.00
  1997p      0.4720      0.4720      0.0002      23.1580      0.0410     0.8880      0.0390     -0.0520      0.2190    -0.00049400   -0.00046657   0.00
  1997q      0.4300      0.4300      0.0020      22.6140      0.0240     0.9350      0.0240     -0.0020      0.1480    -0.00017700   -8.9857E-05   0.00
  1997r      0.6570      0.6570      0.0003      23.8850      0.0520     0.9400      0.0590      0.0320      0.2220     -0.0015540    -0.0035913   0.00
  1997ac     0.3200      0.3200      0.0021      21.8730      0.0220     1.0610      0.0150      0.0010      0.0720    -0.00012900   -0.00043311   0.00
  1997ai     0.4500      0.4500      0.0021      22.9370      0.0470     0.7880      0.0840      0.0260      0.1420     0.00069500    -0.0020606   0.00
  1997af     0.5790      0.5790      0.0003      23.5990      0.0720     0.8500      0.0450     -0.2150      0.2650     -0.0020030    -0.0035177   0.00
  1997ap     0.8300      0.8300      0.0019      24.3460      0.0740     1.0230      0.0450      0.1550      0.1180     -0.0021610    -0.0061216   0.00
  1997am     0.4160      0.4160      0.0002      22.5820      0.0760     1.0320      0.0600     -0.0080      0.1190     -0.0028570    -0.0052876   0.00
  1997aj     0.5810      0.5810      0.0003      23.2360      0.0650     0.9470      0.0450     -0.2130      0.1930     -0.0016930    -0.0031292   0.00
  1997eq     0.5380      0.5380      0.0005      23.2080      0.0230     0.9600      0.0270      0.0350      0.0340    -3.1000E-05   -0.00044767   0.00
  1997ek     0.8630      0.8630      0.0004      24.5090      0.0330     1.0560      0.0580     -0.0910      0.0750     3.2000E-05    -0.0010778   0.00
  1997ez     0.7780      0.7780      0.0004      24.2940      0.0330     1.0780      0.0300      0.0950      0.0680     0.00044400    -0.0010200   0.00
  1998ba     0.4300      0.4300      0.0020      22.9710      0.0470     0.9540      0.0200      0.0400      0.0380    -0.00037200   -0.00085922   0.00
  1998be     0.6440      0.6440      0.0003      23.9060      0.0410     0.8160      0.0280      0.1060      0.0650    -0.00010500    -0.0011968   0.00
  1998ay     0.6380      0.6380      0.0003      23.8600      0.0780     1.0400      0.0410      0.0150      0.0840    -0.00048000    -0.0036835   0.00
  1998ax     0.4970      0.4970      0.0021      23.2480      0.0470     1.1500      0.0320      0.1130      0.0440     -0.0011250   -0.00063317   0.00
  1998as     0.3550      0.3550      0.0003      22.7240      0.0280     0.9560      0.0120      0.1580      0.0300    -0.00010100   -0.00053111   0.00
  1998bi     0.7400      0.7400      0.0020      23.9220      0.0240     0.9500      0.0270      0.0260      0.0500    -0.00028000   -0.00066892   0.00
  2000fr     0.5430      0.5430      0.0000      23.0650      0.0200     1.0640      0.0110     -0.0310      0.0250    -7.9000E-05   -0.00038750   0.00
