# name          zcmb        zhel          dz        dist       ddist       delta      ddelta          Ab         dAb  cov_m_del   cov_m_Ab  cov_delta
1990T       0.040000    0.040000    0.000000   36.750000    0.190000    0.000000    0.000000    0.370000    0.000000   0.000000   0.000000   0.000000
1990af      0.050000    0.050000    0.000000   36.799999    0.210000    0.000000    0.000000   -0.040000    0.000000   0.000000   0.000000   0.000000
1990O       0.030700    0.030700    0.000000   36.010002    0.200000    0.000000    0.000000    0.110000    0.000000   0.000000   0.000000   0.000000
1991S       0.056000    0.056000    0.000000   37.510002    0.180000    0.000000    0.000000    0.200000    0.000000   0.000000   0.000000   0.000000
1991U       0.033100    0.033100    0.000000   35.910000    0.200000    0.000000    0.000000    0.370000    0.000000   0.000000   0.000000   0.000000
1992J       0.046000    0.046000    0.000000   36.599998    0.210000    0.000000    0.000000    0.250000    0.000000   0.000000   0.000000   0.000000
1992P       0.026500    0.026500    0.000000   35.809998    0.200000    0.000000    0.000000    0.170000    0.000000   0.000000   0.000000   0.000000
1992aq      0.101000    0.101000    0.000000   38.700001    0.200000    0.000000    0.000000   -0.030000    0.000000   0.000000   0.000000   0.000000
1992ae      0.075000    0.075000    0.000000   37.930000    0.190000    0.000000    0.000000    0.160000    0.000000   0.000000   0.000000   0.000000
1992au      0.061000    0.061000    0.000000   37.389999    0.220000    0.000000    0.000000    0.090000    0.000000   0.000000   0.000000   0.000000
1992al      0.014100    0.014100    0.000000   34.169998    0.250000    0.000000    0.000000    0.050000    0.000000   0.000000   0.000000   0.000000
1992ag      0.026200    0.026200    0.000000   35.600002    0.240000    0.000000    0.000000    0.540000    0.000000   0.000000   0.000000   0.000000
1992bl      0.043000    0.043000    0.000000   36.489998    0.190000    0.000000    0.000000   -0.040000    0.000000   0.000000   0.000000   0.000000
1992bh      0.045000    0.045000    0.000000   37.320000    0.180000    0.000000    0.000000    0.350000    0.000000   0.000000   0.000000   0.000000
1992bg      0.036000    0.036000    0.000000   36.379997    0.190000    0.000000    0.000000    0.210000    0.000000   0.000000   0.000000   0.000000
1992bk      0.058000    0.058000    0.000000   37.160000    0.190000    0.000000    0.000000    0.030000    0.000000   0.000000   0.000000   0.000000
1992bs      0.063000    0.063000    0.000000   37.929996    0.190000    0.000000    0.000000    0.260000    0.000000   0.000000   0.000000   0.000000
1992bc      0.018600    0.018600    0.000000   34.919998    0.220000    0.000000    0.000000   -0.040000    0.000000   0.000000   0.000000   0.000000
1992bp      0.079000    0.079000    0.000000   37.969997    0.180000    0.000000    0.000000    0.030000    0.000000   0.000000   0.000000   0.000000
1992br      0.088000    0.088000    0.000000   38.029999    0.280000    0.000000    0.000000   -0.040000    0.000000   0.000000   0.000000   0.000000
1992bo      0.017800    0.017800    0.000000   34.690002    0.230000    0.000000    0.000000   -0.010000    0.000000   0.000000   0.000000   0.000000
1993B       0.071000    0.071000    0.000000   38.139999    0.190000    0.000000    0.000000    0.360000    0.000000   0.000000   0.000000   0.000000
1993H       0.025100    0.025100    0.000000   35.139999    0.210000    0.000000    0.000000    0.050000    0.000000   0.000000   0.000000   0.000000
1993O       0.052000    0.052000    0.000000   37.290001    0.180000    0.000000    0.000000    0.130000    0.000000   0.000000   0.000000   0.000000
1993ah      0.028600    0.028600    0.000000   35.789997    0.210000    0.000000    0.000000    0.260000    0.000000   0.000000   0.000000   0.000000
1993ac      0.049000    0.049000    0.000000   37.440002    0.200000    0.000000    0.000000    0.540000    0.000000   0.000000   0.000000   0.000000
1993ag      0.050000    0.050000    0.000000   37.360001    0.190000    0.000000    0.000000    0.280000    0.000000   0.000000   0.000000   0.000000
1993ae      0.018000    0.018000    0.000000   34.290001    0.230000    0.000000    0.000000    0.000000    0.000000   0.000000   0.000000   0.000000
1994B       0.089000    0.089000    0.000000   38.500000    0.170000    0.000000    0.000000    0.000000    0.000000   0.000000   0.000000   0.000000
1994C       0.051000    0.051000    0.000000   36.669998    0.160000    0.000000    0.000000    0.000000    0.000000   0.000000   0.000000   0.000000
1994M       0.024400    0.024400    0.000000   35.320000    0.200000    0.000000    0.000000    0.230000    0.000000   0.000000   0.000000   0.000000
1994Q       0.029000    0.029000    0.000000   36.030003    0.190000    0.000000    0.000000    0.330000    0.000000   0.000000   0.000000   0.000000
1994S       0.016100    0.016100    0.000000   34.560001    0.240000    0.000000    0.000000    0.060000    0.000000   0.000000   0.000000   0.000000
1994T       0.036000    0.036000    0.000000   36.099998    0.200000    0.000000    0.000000    0.090000    0.000000   0.000000   0.000000   0.000000
1995E       0.011600    0.011600    0.000000   35.439999    0.290000    0.000000    0.000000    2.480000    0.000000   0.000000   0.000000   0.000000
1995K       0.478000    0.478000    0.000000   42.520000    0.230000    0.000000    0.000000    0.040000    0.000000   0.000000   0.000000   0.000000
1995M       0.053000    0.053000    0.000000   37.169998    0.150000    0.000000    0.000000    0.000000    0.000000   0.000000   0.000000   0.000000
1995ap      0.230000    0.230000    0.000000   40.439999    0.460000    0.000000    0.000000    0.000000    0.000000   0.000000   0.000000   0.000000
1995ao      0.300000    0.300000    0.000000   40.759998    0.600000    0.000000    0.000000    0.000000    0.000000   0.000000   0.000000   0.000000
1995ae      0.067000    0.067000    0.000000   37.540001    0.340000    0.000000    0.000000    0.000000    0.000000   0.000000   0.000000   0.000000
1995az      0.450000    0.450000    0.000000   42.130001    0.210000    0.000000    0.000000    0.000000    0.000000   0.000000   0.000000   0.000000
1995ay      0.480000    0.480000    0.000000   42.369999    0.200000    0.000000    0.000000    0.000000    0.000000   0.000000   0.000000   0.000000
1995ax      0.615000    0.615000    0.000000   42.849998    0.230000    0.000000    0.000000    0.000000    0.000000   0.000000   0.000000   0.000000
1995aw      0.400000    0.400000    0.000000   42.040001    0.190000    0.000000    0.000000    0.000000    0.000000   0.000000   0.000000   0.000000
1995as      0.498000    0.498000    0.000000   43.209999    0.240000    0.000000    0.000000    0.000000    0.000000   0.000000   0.000000   0.000000
1995ar      0.465000    0.465000    0.000000   42.810001    0.220000    0.000000    0.000000    0.000000    0.000000   0.000000   0.000000   0.000000
1995ac      0.049000    0.049000    0.000000   36.920002    0.200000    0.000000    0.000000    0.400000    0.000000   0.000000   0.000000   0.000000
1995ak      0.021900    0.021900    0.000000   35.260002    0.220000    0.000000    0.000000    0.560000    0.000000   0.000000   0.000000   0.000000
1995ba      0.388000    0.388000    0.000000   42.070000    0.190000    0.000000    0.000000    0.000000    0.000000   0.000000   0.000000   0.000000
1995bd      0.015200    0.015200    0.000000   34.810001    0.250000    0.000000    0.000000    0.700000    0.000000   0.000000   0.000000   0.000000
1996C       0.027600    0.027600    0.000000   36.240002    0.200000    0.000000    0.000000    0.340000    0.000000   0.000000   0.000000   0.000000
1996E       0.425000    0.425000    0.000000   42.049999    0.400000    0.000000    0.000000    0.350000    0.000000   0.000000   0.000000   0.000000
1996H       0.620000    0.620000    0.000000   43.200001    0.300000    0.000000    0.000000    0.090000    0.000000   0.000000   0.000000   0.000000
1996I       0.570000    0.570000    0.000000   42.950001    0.250000    0.000000    0.000000    0.140000    0.000000   0.000000   0.000000   0.000000
1996J       0.300000    0.300000    0.000000   41.239998    0.250000    0.000000    0.000000    0.230000    0.000000   0.000000   0.000000   0.000000
1996K       0.380000    0.380000    0.000000   42.040001    0.220000    0.000000    0.000000    0.020000    0.000000   0.000000   0.000000   0.000000
1996R       0.160000    0.160000    0.000000   39.080002    0.400000    0.000000    0.000000    0.000000    0.000000   0.000000   0.000000   0.000000
1996T       0.240000    0.240000    0.000000   40.680000    0.430000    0.000000    0.000000    0.000000    0.000000   0.000000   0.000000   0.000000
1996U       0.430000    0.430000    0.000000   42.410004    0.340000    0.000000    0.000000    0.080000    0.000000   0.000000   0.000000   0.000000
1996V       0.024700    0.024700    0.000000   35.330002    0.250000    0.000000    0.000000    0.000000    0.000000   0.000000   0.000000   0.000000
1996ab      0.124000    0.124000    0.000000   39.200001    0.220000    0.000000    0.000000    0.000000    0.000000   0.000000   0.000000   0.000000
1996bo      0.016500    0.016500    0.000000   34.590000    0.270000    0.000000    0.000000    0.770000    0.000000   0.000000   0.000000   0.000000
1996bv      0.016700    0.016700    0.000000   34.919998    0.230000    0.000000    0.000000    0.710000    0.000000   0.000000   0.000000   0.000000
1996bl      0.034800    0.034800    0.000000   36.500000    0.190000    0.000000    0.000000    0.330000    0.000000   0.000000   0.000000   0.000000
1996cg      0.490000    0.490000    0.000000   43.210003    0.190000    0.000000    0.000000    0.630000    0.000000   0.000000   0.000000   0.000000
1996cm      0.450000    0.450000    0.000000   42.580002    0.190000    0.000000    0.000000    0.000000    0.000000   0.000000   0.000000   0.000000
1996cl      0.828000    0.828000    0.000000   43.959999    0.460000    0.000000    0.000000    0.000000    0.000000   0.000000   0.000000   0.000000
1996ci      0.495000    0.495000    0.000000   42.250000    0.190000    0.000000    0.000000    0.000000    0.000000   0.000000   0.000000   0.000000
1996cf      0.570000    0.570000    0.000000   42.770000    0.190000    0.000000    0.000000    0.000000    0.000000   0.000000   0.000000   0.000000
1997E       0.013200    0.013200    0.000000   34.139999    0.260000    0.000000    0.000000    0.120000    0.000000   0.000000   0.000000   0.000000
1997F       0.580000    0.580000    0.000000   43.040001    0.210000    0.000000    0.000000    0.000000    0.000000   0.000000   0.000000   0.000000
1997H       0.526000    0.526000    0.000000   43.010002    0.180000    0.000000    0.000000    0.450000    0.000000   0.000000   0.000000   0.000000
1997I       0.172000    0.172000    0.000000   39.790001    0.180000    0.000000    0.000000    0.000000    0.000000   0.000000   0.000000   0.000000
1997N       0.180000    0.180000    0.000000   39.980000    0.180000    0.000000    0.000000    0.000000    0.000000   0.000000   0.000000   0.000000
1997P       0.472000    0.472000    0.000000   42.459999    0.190000    0.000000    0.000000    0.000000    0.000000   0.000000   0.000000   0.000000
1997Q       0.430000    0.430000    0.000000   41.990002    0.180000    0.000000    0.000000    0.000000    0.000000   0.000000   0.000000   0.000000
1997R       0.657000    0.657000    0.000000   43.270000    0.200000    0.000000    0.000000    0.000000    0.000000   0.000000   0.000000   0.000000
1997Y       0.016600    0.016600    0.000000   34.790001    0.230000    0.000000    0.000000    0.250000    0.000000   0.000000   0.000000   0.000000
1997ai      0.450000    0.450000    0.000000   42.099998    0.230000    0.000000    0.000000    0.000000    0.000000   0.000000   0.000000   0.000000
1997ac      0.320000    0.320000    0.000000   41.450001    0.180000    0.000000    0.000000    0.000000    0.000000   0.000000   0.000000   0.000000
1997aj      0.581000    0.581000    0.000000   42.630001    0.190000    0.000000    0.000000    0.000000    0.000000   0.000000   0.000000   0.000000
1997aw      0.440000    0.440000    0.000000   43.369999    0.400000    0.000000    0.000000    0.800000    0.000000   0.000000   0.000000   0.000000
1997as      0.508000    0.508000    0.000000   42.489998    0.350000    0.000000    0.000000    0.850000    0.000000   0.000000   0.000000   0.000000
1997am      0.416000    0.416000    0.000000   42.099998    0.190000    0.000000    0.000000    0.000000    0.000000   0.000000   0.000000   0.000000
1997ap      0.830000    0.830000    0.000000   43.849998    0.190000    0.000000    0.000000    0.000000    0.000000   0.000000   0.000000   0.000000
1997af      0.579000    0.579000    0.000000   42.860001    0.190000    0.000000    0.000000    0.000000    0.000000   0.000000   0.000000   0.000000
1997bh      0.420000    0.420000    0.000000   42.359997    0.230000    0.000000    0.000000    0.600000    0.000000   0.000000   0.000000   0.000000
1997bb      0.518000    0.518000    0.000000   42.940002    0.300000    0.000000    0.000000    0.110000    0.000000   0.000000   0.000000   0.000000
1997bj      0.334000    0.334000    0.000000   41.259998    0.300000    0.000000    0.000000    0.340000    0.000000   0.000000   0.000000   0.000000
1997ck      0.970000    0.970000    0.000000   44.299999    0.380000    0.000000    0.000000    0.170000    0.000000   0.000000   0.000000   0.000000
1997cn      0.017500    0.017500    0.000000   34.529999    0.250000    0.000000    0.000000    0.010000    0.000000   0.000000   0.000000   0.000000
1997cj      0.500000    0.500000    0.000000   42.890003    0.200000    0.000000    0.000000    0.150000    0.000000   0.000000   0.000000   0.000000
1997ce      0.440000    0.440000    0.000000   42.160004    0.190000    0.000000    0.000000    0.080000    0.000000   0.000000   0.000000   0.000000
1997dg      0.029700    0.029700    0.000000   36.399998    0.200000    0.000000    0.000000    0.280000    0.000000   0.000000   0.000000   0.000000
1997do      0.010400    0.010400    0.000000   34.169998    0.330000    0.000000    0.000000    0.440000    0.000000   0.000000   0.000000   0.000000
1997ez      0.778000    0.778000    0.000000   43.810001    0.350000    0.000000    0.000000    0.000000    0.000000   0.000000   0.000000   0.000000
1997ek      0.860000    0.860000    0.000000   44.029999    0.300000    0.000000    0.000000    0.000000    0.000000   0.000000   0.000000   0.000000
1997eq      0.538000    0.538000    0.000000   42.660000    0.180000    0.000000    0.000000    0.000000    0.000000   0.000000   0.000000   0.000000
1997ff      1.755000    1.755000    0.000000   45.529999    0.350000    0.000000    0.000000    0.000000    0.000000   0.000000   0.000000   0.000000
1998I       0.886000    0.886000    0.000000   43.860001    0.810000    0.000000    0.000000    0.950000    0.000000   0.000000   0.000000   0.000000
1998J       0.828000    0.828000    0.000000   44.100002    0.610000    0.000000    0.000000    0.490000    0.000000   0.000000   0.000000   0.000000
1998M       0.630000    0.630000    0.000000   43.369999    0.240000    0.000000    0.000000    0.750000    0.000000   0.000000   0.000000   0.000000
1998V       0.017000    0.017000    0.000000   34.750000    0.230000    0.000000    0.000000    0.280000    0.000000   0.000000   0.000000   0.000000
1998ac      0.460000    0.460000    0.000000   42.310001    0.400000    0.000000    0.000000    0.480000    0.000000   0.000000   0.000000   0.000000
1998ay      0.638000    0.638000    0.000000   43.299999    0.360000    0.000000    0.000000    0.000000    0.000000   0.000000   0.000000   0.000000
1998bi      0.740000    0.740000    0.000000   43.349998    0.300000    0.000000    0.000000    0.000000    0.000000   0.000000   0.000000   0.000000
1998be      0.644000    0.644000    0.000000   42.779999    0.260000    0.000000    0.000000    0.000000    0.000000   0.000000   0.000000   0.000000
1998ba      0.430000    0.430000    0.000000   42.360001    0.250000    0.000000    0.000000    0.000000    0.000000   0.000000   0.000000   0.000000
1998bp      0.010400    0.010400    0.000000   33.399998    0.320000    0.000000    0.000000    0.190000    0.000000   0.000000   0.000000   0.000000
1998co      0.017100    0.017100    0.000000   34.880001    0.240000    0.000000    0.000000    0.200000    0.000000   0.000000   0.000000   0.000000
1998cs      0.032700    0.032700    0.000000   36.050003    0.190000    0.000000    0.000000   -0.030000    0.000000   0.000000   0.000000   0.000000
1998dx      0.053000    0.053000    0.000000   37.010002    0.180000    0.000000    0.000000    0.040000    0.000000   0.000000   0.000000   0.000000
1998ef      0.017000    0.017000    0.000000   34.250000    0.230000    0.000000    0.000000    0.070000    0.000000   0.000000   0.000000   0.000000
1998eg      0.023400    0.023400    0.000000   35.650002    0.200000    0.000000    0.000000    0.290000    0.000000   0.000000   0.000000   0.000000
1999Q       0.460000    0.460000    0.000000   42.790001    0.270000    0.000000    0.000000    0.230000    0.000000   0.000000   0.000000   0.000000
1999U       0.500000    0.500000    0.000000   42.790001    0.190000    0.000000    0.000000    0.040000    0.000000   0.000000   0.000000   0.000000
1999X       0.025700    0.025700    0.000000   35.720001    0.200000    0.000000    0.000000    0.310000    0.000000   0.000000   0.000000   0.000000
1999aa      0.015700    0.015700    0.000000   34.600002    0.240000    0.000000    0.000000    0.020000    0.000000   0.000000   0.000000   0.000000
1999cc      0.031600    0.031600    0.000000   35.939999    0.190000    0.000000    0.000000    0.090000    0.000000   0.000000   0.000000   0.000000
1999cp      0.010400    0.010400    0.000000   33.640003    0.310000    0.000000    0.000000    0.080000    0.000000   0.000000   0.000000   0.000000
1999da      0.012100    0.012100    0.000000   34.630001    0.320000    0.000000    0.000000    0.580000    0.000000   0.000000   0.000000   0.000000
1999dk      0.014100    0.014100    0.000000   34.630001    0.260000    0.000000    0.000000    0.200000    0.000000   0.000000   0.000000   0.000000
1999dq      0.013600    0.013600    0.000000   34.160000    0.260000    0.000000    0.000000    0.430000    0.000000   0.000000   0.000000   0.000000
1999ef      0.038000    0.038000    0.000000   36.719997    0.180000    0.000000    0.000000    0.050000    0.000000   0.000000   0.000000   0.000000
1999fw      0.278000    0.278000    0.000000   41.259998    0.410000    0.000000    0.000000    0.260000    0.000000   0.000000   0.000000   0.000000
1999fk      1.056000    1.056000    0.000000   44.439999    0.230000    0.000000    0.000000    0.190000    0.000000   0.000000   0.000000   0.000000
1999fm      0.949000    0.949000    0.000000   44.100002    0.250000    0.000000    0.000000    0.110000    0.000000   0.000000   0.000000   0.000000
1999fj      0.815000    0.815000    0.000000   43.989998    0.330000    0.000000    0.000000    0.230000    0.000000   0.000000   0.000000   0.000000
1999ff      0.455000    0.455000    0.000000   42.480000    0.280000    0.000000    0.000000    0.190000    0.000000   0.000000   0.000000   0.000000
1999fv      1.190000    1.190000    0.000000   44.430000    0.340000    0.000000    0.000000    0.240000    0.000000   0.000000   0.000000   0.000000
1999fh      0.369000    0.369000    0.000000   42.320000    0.310000    0.000000    0.000000    0.700000    0.000000   0.000000   0.000000   0.000000
1999fn      0.477000    0.477000    0.000000   42.530003    0.210000    0.000000    0.000000    0.150000    0.000000   0.000000   0.000000   0.000000
1999gp      0.026000    0.026000    0.000000   35.799999    0.200000    0.000000    0.000000    0.180000    0.000000   0.000000   0.000000   0.000000
2000B       0.019300    0.019300    0.000000   34.869999    0.230000    0.000000    0.000000    0.280000    0.000000   0.000000   0.000000   0.000000
2000bk      0.026600    0.026600    0.000000   35.549999    0.210000    0.000000    0.000000    0.190000    0.000000   0.000000   0.000000   0.000000
2000cf      0.036000    0.036000    0.000000   36.599998    0.180000    0.000000    0.000000    0.210000    0.000000   0.000000   0.000000   0.000000
2000cn      0.023300    0.023300    0.000000   35.220001    0.210000    0.000000    0.000000    0.080000    0.000000   0.000000   0.000000   0.000000
2000ce      0.016400    0.016400    0.000000   35.490002    0.230000    0.000000    0.000000    1.020000    0.000000   0.000000   0.000000   0.000000
2000dk      0.016400    0.016400    0.000000   34.360001    0.240000    0.000000    0.000000   -0.050000    0.000000   0.000000   0.000000   0.000000
2000dz      0.500000    0.500000    0.000000   42.840000    0.240000    0.000000    0.000000    0.090000    0.000000   0.000000   0.000000   0.000000
2000eh      0.490000    0.490000    0.000000   42.610001    0.250000    0.000000    0.000000    0.200000    0.000000   0.000000   0.000000   0.000000
2000ee      0.470000    0.470000    0.000000   42.870003    0.230000    0.000000    0.000000    0.130000    0.000000   0.000000   0.000000   0.000000
2000eg      0.540000    0.540000    0.000000   42.079998    0.410000    0.000000    0.000000    0.120000    0.000000   0.000000   0.000000   0.000000
2000ea      0.420000    0.420000    0.000000   41.840000    0.320000    0.000000    0.000000    1.050000    0.000000   0.000000   0.000000   0.000000
2000ec      0.470000    0.470000    0.000000   42.900002    0.210000    0.000000    0.000000    0.130000    0.000000   0.000000   0.000000   0.000000
2000fr      0.543000    0.543000    0.000000   42.680000    0.190000    0.000000    0.000000    0.000000    0.000000   0.000000   0.000000   0.000000
2000fa      0.021800    0.021800    0.000000   35.500000    0.210000    0.000000    0.000000    0.440000    0.000000   0.000000   0.000000   0.000000
2001V       0.016200    0.016200    0.000000   34.410000    0.230000    0.000000    0.000000    0.280000    0.000000   0.000000   0.000000   0.000000
2001fs      0.873000    0.873000    0.000000   44.389999    0.380000    0.000000    0.000000    0.640000    0.000000   0.000000   0.000000   0.000000
2001fo      0.771000    0.771000    0.000000   43.169998    0.170000    0.000000    0.000000    0.050000    0.000000   0.000000   0.000000   0.000000
2001hy      0.811000    0.811000    0.000000   44.000000    0.350000    0.000000    0.000000    0.030000    0.000000   0.000000   0.000000   0.000000
2001hx      0.798000    0.798000    0.000000   44.190002    0.310000    0.000000    0.000000    0.310000    0.000000   0.000000   0.000000   0.000000
2001hs      0.832000    0.832000    0.000000   43.649998    0.290000    0.000000    0.000000    0.100000    0.000000   0.000000   0.000000   0.000000
2001hu      0.882000    0.882000    0.000000   44.020000    0.300000    0.000000    0.000000    0.120000    0.000000   0.000000   0.000000   0.000000
2001iw      0.340000    0.340000    0.000000   41.439999    0.270000    0.000000    0.000000    0.730000    0.000000   0.000000   0.000000   0.000000
2001iv      0.397000    0.397000    0.000000   41.799999    0.300000    0.000000    0.000000    0.910000    0.000000   0.000000   0.000000   0.000000
2001iy      0.570000    0.570000    0.000000   42.840000    0.310000    0.000000    0.000000   -0.040000    0.000000   0.000000   0.000000   0.000000
2001ix      0.710000    0.710000    0.000000   43.579998    0.320000    0.000000    0.000000    0.530000    0.000000   0.000000   0.000000   0.000000
2001jp      0.528000    0.528000    0.000000   42.869999    0.250000    0.000000    0.000000    0.100000    0.000000   0.000000   0.000000   0.000000
2001jh      0.884000    0.884000    0.000000   44.220001    0.190000    0.000000    0.000000   -0.010000    0.000000   0.000000   0.000000   0.000000
2001jb      0.698000    0.698000    0.000000   43.480003    0.320000    0.000000    0.000000    0.150000    0.000000   0.000000   0.000000   0.000000
2001jf      0.815000    0.815000    0.000000   44.320000    0.280000    0.000000    0.000000    0.230000    0.000000   0.000000   0.000000   0.000000
2001jm      0.977000    0.977000    0.000000   44.090000    0.260000    0.000000    0.000000    0.180000    0.000000   0.000000   0.000000   0.000000
2001kd      0.935000    0.935000    0.000000   44.130001    0.380000    0.000000    0.000000    0.140000    0.000000   0.000000   0.000000   0.000000
2002P       0.719000    0.719000    0.000000   43.330002    0.260000    0.000000    0.000000    0.110000    0.000000   0.000000   0.000000   0.000000
2002ab      0.422000    0.422000    0.000000   42.119999    0.170000    0.000000    0.000000    0.100000    0.000000   0.000000   0.000000   0.000000
2002ad      0.514000    0.514000    0.000000   42.480000    0.270000    0.000000    0.000000    0.090000    0.000000   0.000000   0.000000   0.000000
2002dc      0.475000    0.475000    0.000000   42.369999    0.190000    0.000000    0.000000    0.230000    0.000000   0.000000   0.000000   0.000000
2002dd      0.950000    0.950000    0.000000   44.300003    0.260000    0.000000    0.000000    0.240000    0.000000   0.000000   0.000000   0.000000
2002fw      1.300000    1.300000    0.000000   45.480000    0.190000    0.000000    0.000000    0.210000    0.000000   0.000000   0.000000   0.000000
2002fx      1.400000    1.400000    0.000000   45.580002    0.450000    0.000000    0.000000    0.490000    0.000000   0.000000   0.000000   0.000000
2002hr      0.526000    0.526000    0.000000   43.750000    0.270000    0.000000    0.000000    0.740000    0.000000   0.000000   0.000000   0.000000
2002hp      1.305000    1.305000    0.000000   44.889999    0.220000    0.000000    0.000000    0.190000    0.000000   0.000000   0.000000   0.000000
2002kc      0.216000    0.216000    0.000000   41.620003    0.180000    0.000000    0.000000    1.290000    0.000000   0.000000   0.000000   0.000000
2002kd      0.735000    0.735000    0.000000   43.299999    0.190000    0.000000    0.000000    0.210000    0.000000   0.000000   0.000000   0.000000
2002ki      1.140000    1.140000    0.000000   44.930000    0.300000    0.000000    0.000000    0.090000    0.000000   0.000000   0.000000   0.000000
2003az      1.265000    1.265000    0.000000   45.450001    0.200000    0.000000    0.000000    0.250000    0.000000   0.000000   0.000000   0.000000
2003ak      1.551000    1.551000    0.000000   46.160000    0.220000    0.000000    0.000000    0.860000    0.000000   0.000000   0.000000   0.000000
2003bd      0.670000    0.670000    0.000000   43.459999    0.280000    0.000000    0.000000    0.270000    0.000000   0.000000   0.000000   0.000000
2003be      0.640000    0.640000    0.000000   43.299999    0.210000    0.000000    0.000000    0.230000    0.000000   0.000000   0.000000   0.000000
2003dy      1.340000    1.340000    0.000000   45.590000    0.250000    0.000000    0.000000    0.540000    0.000000   0.000000   0.000000   0.000000
2003es      0.954000    0.954000    0.000000   44.349998    0.310000    0.000000    0.000000    0.070000    0.000000   0.000000   0.000000   0.000000
2003eq      0.839000    0.839000    0.000000   44.080002    0.220000    0.000000    0.000000    0.220000    0.000000   0.000000   0.000000   0.000000
2003eb      0.899000    0.899000    0.000000   43.899998    0.250000    0.000000    0.000000    0.260000    0.000000   0.000000   0.000000   0.000000
2003XX      0.940000    0.940000    0.000000   44.020000    0.200000    0.000000    0.000000    0.150000    0.000000   0.000000   0.000000   0.000000
