# name          zcmb        zhel          dz        dist       ddist       delta      ddelta          Av         dAv  cov_m_del   cov_m_Av  cov_delta_Av
sn72E       0.002300    0.002300    0.000000   12.127258    0.165000    0.000000    0.000000    0.100000    0.000000   0.000000   0.000000   0.000000
sn80N       0.005600    0.005600    0.000000   15.977743    0.215000    0.000000    0.000000    0.210000    0.000000   0.000000   0.000000   0.000000
sn81B       0.007200    0.007200    0.000000   15.715645    0.205000    0.000000    0.000000    0.250000    0.000000   0.000000   0.000000   0.000000
sn81D       0.005600    0.005600    0.000000   15.629999    0.275000    0.000000    0.000000    0.310000    0.000000   0.000000   0.000000   0.000000
sn86G       0.002700    0.002700    0.000000   12.848065    0.175000    0.000000    0.000000    0.490000    0.000000   0.000000   0.000000   0.000000
sn88U       0.310000    0.310000    0.000000   25.612259    0.360000    0.000000    0.000000    0.100000    0.000000   0.000000   0.000000   0.000000
sn89B       0.003600    0.003600    0.000000   15.198709    0.150000    0.000000    0.000000    0.740000    0.000000   0.000000   0.000000   0.000000
sn90N       0.004400    0.004400    0.000000   16.416775    0.175000    0.000000    0.000000    0.300000    0.000000   0.000000   0.000000   0.000000
sn90O       0.030700    0.030700    0.000000   20.004032    0.125000    0.000000    0.000000    0.090000    0.000000   0.000000   0.000000   0.000000
sn90T       0.040000    0.040000    0.000000   20.835644    0.210000    0.000000    0.000000    0.250000    0.000000   0.000000   0.000000   0.000000
sn90Y       0.039000    0.039000    0.000000   20.639193    0.195000    0.000000    0.000000    0.540000    0.000000   0.000000   0.000000   0.000000
sn90af      0.050000    0.050000    0.000000   20.824356    0.130000    0.000000    0.000000    0.060000    0.000000   0.000000   0.000000   0.000000
sn91M       0.007600    0.007600    0.000000   16.985001    0.150000    0.000000    0.000000    0.000000    0.000000   0.000000   0.000000   0.000000
sn91S       0.056000    0.056000    0.000000   21.560484    0.210000    0.000000    0.000000    0.110000    0.000000   0.000000   0.000000   0.000000
sn91T       0.007000    0.007000    0.000000   15.466290    0.140000    0.000000    0.000000    0.500000    0.000000   0.000000   0.000000   0.000000
sn91U       0.033100    0.033100    0.000000   20.311613    0.160000    0.000000    0.000000    0.470000    0.000000   0.000000   0.000000   0.000000
sn91ag      0.014100    0.014100    0.000000   18.275482    0.125000    0.000000    0.000000    0.110000    0.000000   0.000000   0.000000   0.000000
sn91bg      0.004200    0.004200    0.000000   15.346452    0.175000    0.000000    0.000000    0.020000    0.000000   0.000000   0.000000   0.000000
sn92A       0.005800    0.005800    0.000000   15.725807    0.115000    0.000000    0.000000    0.080000    0.000000   0.000000   0.000000   0.000000
sn92G       0.006200    0.006200    0.000000   16.813549    0.150000    0.000000    0.000000    0.290000    0.000000   0.000000   0.000000   0.000000
sn92J       0.046000    0.046000    0.000000   20.852097    0.165000    0.000000    0.000000    0.270000    0.000000   0.000000   0.000000   0.000000
sn92K       0.011200    0.011200    0.000000   17.900644    0.180000    0.000000    0.000000    0.560000    0.000000   0.000000   0.000000   0.000000
sn92P       0.026500    0.026500    0.000000   19.866936    0.135000    0.000000    0.000000    0.130000    0.000000   0.000000   0.000000   0.000000
sn92ae      0.075000    0.075000    0.000000   21.980164    0.130000    0.000000    0.000000    0.140000    0.000000   0.000000   0.000000   0.000000
sn92ag      0.026200    0.026200    0.000000   19.968063    0.155000    0.000000    0.000000    0.490000    0.000000   0.000000   0.000000   0.000000
sn92al      0.014100    0.014100    0.000000   18.259356    0.130000    0.000000    0.000000    0.060000    0.000000   0.000000   0.000000   0.000000
sn92aq      0.101000    0.101000    0.000000   22.617905    0.135000    0.000000    0.000000    0.040000    0.000000   0.000000   0.000000   0.000000
sn92au      0.061000    0.061000    0.000000   21.431934    0.150000    0.000000    0.000000    0.130000    0.000000   0.000000   0.000000   0.000000
sn92bc      0.018600    0.018600    0.000000   18.924677    0.105000    0.000000    0.000000    0.030000    0.000000   0.000000   0.000000   0.000000
sn92bg      0.036000    0.036000    0.000000   20.497417    0.150000    0.000000    0.000000    0.240000    0.000000   0.000000   0.000000   0.000000
sn92bh      0.045000    0.045000    0.000000   21.391451    0.130000    0.000000    0.000000    0.330000    0.000000   0.000000   0.000000   0.000000
sn92bi      0.458000    0.458000    0.000000   26.505001    0.475000    0.000000    0.000000    0.000000    0.000000   0.000000   0.000000   0.000000
sn92bk      0.058000    0.058000    0.000000   21.255484    0.125000    0.000000    0.000000    0.110000    0.000000   0.000000   0.000000   0.000000
sn92bl      0.043000    0.043000    0.000000   20.554354    0.110000    0.000000    0.000000    0.060000    0.000000   0.000000   0.000000   0.000000
sn92bo      0.017800    0.017800    0.000000   18.777903    0.105000    0.000000    0.000000    0.040000    0.000000   0.000000   0.000000   0.000000
sn92bp      0.079000    0.079000    0.000000   21.746130    0.130000    0.000000    0.000000    0.050000    0.000000   0.000000   0.000000   0.000000
sn92br      0.088000    0.088000    0.000000   22.297581    0.135000    0.000000    0.000000    0.070000    0.000000   0.000000   0.000000   0.000000
sn92bs      0.063000    0.063000    0.000000   21.886292    0.130000    0.000000    0.000000    0.190000    0.000000   0.000000   0.000000   0.000000
sn93B       0.071000    0.071000    0.000000   22.148224    0.130000    0.000000    0.000000    0.320000    0.000000   0.000000   0.000000   0.000000
sn93H       0.025100    0.025100    0.000000   19.648226    0.130000    0.000000    0.000000    0.320000    0.000000   0.000000   0.000000   0.000000
sn93O       0.052000    0.052000    0.000000   21.260805    0.130000    0.000000    0.000000    0.080000    0.000000   0.000000   0.000000   0.000000
sn93ac      0.049000    0.049000    0.000000   21.678062    0.215000    0.000000    0.000000    0.490000    0.000000   0.000000   0.000000   0.000000
sn93ae      0.018000    0.018000    0.000000   18.644838    0.120000    0.000000    0.000000    0.170000    0.000000   0.000000   0.000000   0.000000
sn93ag      0.050000    0.050000    0.000000   21.388870    0.130000    0.000000    0.000000    0.260000    0.000000   0.000000   0.000000   0.000000
sn93ah      0.028600    0.028600    0.000000   19.903065    0.160000    0.000000    0.000000    0.180000    0.000000   0.000000   0.000000   0.000000
sn94B       0.090000    0.090000    0.000000   22.535000    0.150000    0.000000    0.000000    0.000000    0.000000   0.000000   0.000000   0.000000
sn94C       0.051000    0.051000    0.000000   20.695000    0.180000    0.000000    0.000000    0.000000    0.000000   0.000000   0.000000   0.000000
sn94D       0.002700    0.002700    0.000000   15.094356    0.130000    0.000000    0.000000    0.060000    0.000000   0.000000   0.000000   0.000000
sn94F       0.354000    0.354000    0.000000   25.775002    0.375000    0.000000    0.000000    0.000000    0.000000   0.000000   0.000000   0.000000
sn94G       0.425000    0.425000    0.000000   25.525000    0.500000    0.000000    0.000000    0.000000    0.000000   0.000000   0.000000   0.000000
sn94H       0.374000    0.374000    0.000000   25.114998    0.300000    0.000000    0.000000    0.000000    0.000000   0.000000   0.000000   0.000000
sn94M       0.024400    0.024400    0.000000   19.704031    0.130000    0.000000    0.000000    0.400000    0.000000   0.000000   0.000000   0.000000
sn94Q       0.029000    0.029000    0.000000   20.118870    0.130000    0.000000    0.000000    0.260000    0.000000   0.000000   0.000000   0.000000
sn94S       0.016100    0.016100    0.000000   18.517904    0.120000    0.000000    0.000000    0.040000    0.000000   0.000000   0.000000   0.000000
sn94T       0.036000    0.036000    0.000000   20.294838    0.125000    0.000000    0.000000    0.170000    0.000000   0.000000   0.000000   0.000000
sn94U       0.005600    0.005600    0.000000   15.745000    0.150000    0.000000    0.000000    0.000000    0.000000   0.000000   0.000000   0.000000
sn94ae      0.005400    0.005400    0.000000   16.858549    0.140000    0.000000    0.000000    0.290000    0.000000   0.000000   0.000000   0.000000
sn94al      0.420000    0.420000    0.000000   25.945000    0.320000    0.000000    0.000000    0.000000    0.000000   0.000000   0.000000   0.000000
sn94am      0.372000    0.372000    0.000000   25.655001    0.285000    0.000000    0.000000    0.000000    0.000000   0.000000   0.000000   0.000000
sn94an      0.378000    0.378000    0.000000   25.975000    0.405000    0.000000    0.000000    0.000000    0.000000   0.000000   0.000000   0.000000
sn95D       0.007700    0.007700    0.000000   16.970806    0.120000    0.000000    0.000000    0.080000    0.000000   0.000000   0.000000   0.000000
sn95E       0.011600    0.011600    0.000000   20.678226    0.170000    0.000000    0.000000    2.180000    0.000000   0.000000   0.000000   0.000000
sn95K       0.478000    0.478000    0.000000   26.446451    0.190000    0.000000    0.000000    0.020000    0.000000   0.000000   0.000000   0.000000
sn95M       0.053000    0.053000    0.000000   21.347258    0.220000    0.000000    0.000000    0.100000    0.000000   0.000000   0.000000   0.000000
sn95ac      0.049000    0.049000    0.000000   21.117418    0.140000    0.000000    0.000000    0.240000    0.000000   0.000000   0.000000   0.000000
sn95ae      0.068000    0.068000    0.000000   21.575001    0.430000    0.000000    0.000000    0.000000    0.000000   0.000000   0.000000   0.000000
sn95ak      0.021900    0.021900    0.000000   19.587420    0.165000    0.000000    0.000000    0.550000    0.000000   0.000000   0.000000   0.000000
sn95al      0.006000    0.006000    0.000000   17.049999    0.130000    0.000000    0.000000    0.310000    0.000000   0.000000   0.000000   0.000000
sn95ao      0.300000    0.300000    0.000000   24.785000    0.780000    0.000000    0.000000    0.000000    0.000000   0.000000   0.000000   0.000000
sn95ap      0.230000    0.230000    0.000000   24.465000    0.600000    0.000000    0.000000    0.000000    0.000000   0.000000   0.000000   0.000000
sn95aq      0.453000    0.453000    0.000000   26.565001    0.320000    0.000000    0.000000    0.000000    0.000000   0.000000   0.000000   0.000000
sn95ar      0.465000    0.465000    0.000000   26.724998    0.350000    0.000000    0.000000    0.000000    0.000000   0.000000   0.000000   0.000000
sn95as      0.498000    0.498000    0.000000   27.105000    0.320000    0.000000    0.000000    0.000000    0.000000   0.000000   0.000000   0.000000
sn95at      0.655000    0.655000    0.000000   26.665001    0.290000    0.000000    0.000000    0.000000    0.000000   0.000000   0.000000   0.000000
sn95aw      0.400000    0.400000    0.000000   25.755001    0.280000    0.000000    0.000000    0.000000    0.000000   0.000000   0.000000   0.000000
sn95ax      0.615000    0.615000    0.000000   26.584999    0.320000    0.000000    0.000000    0.000000    0.000000   0.000000   0.000000   0.000000
sn95ay      0.480000    0.480000    0.000000   26.355000    0.310000    0.000000    0.000000    0.000000    0.000000   0.000000   0.000000   0.000000
sn95az      0.450000    0.450000    0.000000   25.905001    0.305000    0.000000    0.000000    0.000000    0.000000   0.000000   0.000000   0.000000
sn95ba      0.388000    0.388000    0.000000   26.045000    0.285000    0.000000    0.000000    0.000000    0.000000   0.000000   0.000000   0.000000
sn95bd      0.015200    0.015200    0.000000   19.483225    0.145000    0.000000    0.000000    0.940000    0.000000   0.000000   0.000000   0.000000
sn96C       0.027600    0.027600    0.000000   20.368225    0.130000    0.000000    0.000000    0.320000    0.000000   0.000000   0.000000   0.000000
sn96E       0.425000    0.425000    0.000000   25.978388    0.330000    0.000000    0.000000    0.150000    0.000000   0.000000   0.000000   0.000000
sn96H       0.620000    0.620000    0.000000   27.037903    0.215000    0.000000    0.000000    0.040000    0.000000   0.000000   0.000000   0.000000
sn96I       0.570000    0.570000    0.000000   26.872580    0.265000    0.000000    0.000000    0.070000    0.000000   0.000000   0.000000   0.000000
sn96J       0.300000    0.300000    0.000000   25.393871    0.320000    0.000000    0.000000    0.260000    0.000000   0.000000   0.000000   0.000000
sn96K       0.380000    0.380000    0.000000   25.954678    0.245000    0.000000    0.000000    0.030000    0.000000   0.000000   0.000000   0.000000
sn96R       0.151000    0.151000    0.000000   23.105000    0.520000    0.000000    0.000000    0.000000    0.000000   0.000000   0.000000   0.000000
sn96T       0.241000    0.241000    0.000000   24.705000    0.560000    0.000000    0.000000    0.000000    0.000000   0.000000   0.000000   0.000000
sn96U       0.430000    0.430000    0.000000   26.506130    0.270000    0.000000    0.000000    0.050000    0.000000   0.000000   0.000000   0.000000
sn96V       0.025000    0.025000    0.000000   19.355000    0.285000    0.000000    0.000000    0.000000    0.000000   0.000000   0.000000   0.000000
sn96X       0.007800    0.007800    0.000000   16.435806    0.120000    0.000000    0.000000    0.080000    0.000000   0.000000   0.000000   0.000000
sn96Z       0.008700    0.008700    0.000000   17.662420    0.180000    0.000000    0.000000    0.550000    0.000000   0.000000   0.000000   0.000000
sn96ab      0.124000    0.124000    0.000000   23.171129    0.160000    0.000000    0.000000    0.050000    0.000000   0.000000   0.000000   0.000000
sn96af      0.100000    0.100000    0.000000   22.139999    0.200000    0.000000    0.000000    0.000000    0.000000   0.000000   0.000000   0.000000
sn96ag      0.140000    0.140000    0.000000   23.400000    0.225000    0.000000    0.000000    0.000000    0.000000   0.000000   0.000000   0.000000
sn96ai      0.004100    0.004100    0.000000   20.941130    0.605000    0.000000    0.000000    4.080000    0.000000   0.000000   0.000000   0.000000
sn96am      0.065000    0.065000    0.000000   22.203224    0.215000    0.000000    0.000000    0.320000    0.000000   0.000000   0.000000   0.000000
sn96ao      0.058000    0.058000    0.000000   21.887741    0.335000    0.000000    0.000000    0.520000    0.000000   0.000000   0.000000   0.000000
sn96bk      0.007200    0.007200    0.000000   17.561291    0.205000    0.000000    0.000000    0.810000    0.000000   0.000000   0.000000   0.000000
sn96bl      0.034800    0.034800    0.000000   20.535324    0.155000    0.000000    0.000000    0.280000    0.000000   0.000000   0.000000   0.000000
sn96bo      0.016500    0.016500    0.000000   19.402420    0.160000    0.000000    0.000000    0.860000    0.000000   0.000000   0.000000   0.000000
sn96bv      0.016700    0.016700    0.000000   19.280485    0.180000    0.000000    0.000000    0.730000    0.000000   0.000000   0.000000   0.000000
sn96bx      0.058000    0.058000    0.000000   21.756130    0.650000    0.000000    0.000000    0.360000    0.000000   0.000000   0.000000   0.000000
sn96cf      0.570000    0.570000    0.000000   26.665001    0.300000    0.000000    0.000000    0.000000    0.000000   0.000000   0.000000   0.000000
sn96cg      0.490000    0.490000    0.000000   26.494999    0.285000    0.000000    0.000000    0.000000    0.000000   0.000000   0.000000   0.000000
sn96ci      0.495000    0.495000    0.000000   26.224998    0.280000    0.000000    0.000000    0.000000    0.000000   0.000000   0.000000   0.000000
sn96ck      0.656000    0.656000    0.000000   26.965000    0.340000    0.000000    0.000000    0.000000    0.000000   0.000000   0.000000   0.000000
sn96cl      0.827000    0.827000    0.000000   28.045002    0.540000    0.000000    0.000000    0.000000    0.000000   0.000000   0.000000   0.000000
sn96cm      0.450000    0.450000    0.000000   26.565001    0.305000    0.000000    0.000000    0.000000    0.000000   0.000000   0.000000   0.000000
sn96cn      0.430000    0.430000    0.000000   26.525000    0.300000    0.000000    0.000000    0.000000    0.000000   0.000000   0.000000   0.000000
sn97E       0.013200    0.013200    0.000000   18.503550    0.120000    0.000000    0.000000    0.290000    0.000000   0.000000   0.000000   0.000000
sn97F       0.580000    0.580000    0.000000   26.855000    0.305000    0.000000    0.000000    0.000000    0.000000   0.000000   0.000000   0.000000
sn97G       0.762000    0.762000    0.000000   27.865000    0.535000    0.000000    0.000000    0.000000    0.000000   0.000000   0.000000   0.000000
sn97H       0.526000    0.526000    0.000000   26.545000    0.285000    0.000000    0.000000    0.000000    0.000000   0.000000   0.000000   0.000000
sn97I       0.172000    0.172000    0.000000   23.564999    0.275000    0.000000    0.000000    0.000000    0.000000   0.000000   0.000000   0.000000
sn97J       0.619000    0.619000    0.000000   27.195000    0.340000    0.000000    0.000000    0.000000    0.000000   0.000000   0.000000   0.000000
sn97K       0.592000    0.592000    0.000000   27.815001    0.405000    0.000000    0.000000    0.000000    0.000000   0.000000   0.000000   0.000000
sn97L       0.550000    0.550000    0.000000   26.905001    0.320000    0.000000    0.000000    0.000000    0.000000   0.000000   0.000000   0.000000
sn97N       0.180000    0.180000    0.000000   23.824999    0.270000    0.000000    0.000000    0.000000    0.000000   0.000000   0.000000   0.000000
sn97O       0.374000    0.374000    0.000000   26.914999    0.310000    0.000000    0.000000    0.000000    0.000000   0.000000   0.000000   0.000000
sn97P       0.472000    0.472000    0.000000   26.505001    0.280000    0.000000    0.000000    0.000000    0.000000   0.000000   0.000000   0.000000
sn97Q       0.430000    0.430000    0.000000   25.965000    0.275000    0.000000    0.000000    0.000000    0.000000   0.000000   0.000000   0.000000
sn97R       0.657000    0.657000    0.000000   27.225000    0.305000    0.000000    0.000000    0.000000    0.000000   0.000000   0.000000   0.000000
sn97S       0.612000    0.612000    0.000000   27.084999    0.290000    0.000000    0.000000    0.000000    0.000000   0.000000   0.000000   0.000000
sn97Y       0.016600    0.016600    0.000000   18.901291    0.195000    0.000000    0.000000    0.190000    0.000000   0.000000   0.000000   0.000000
sn97ac      0.320000    0.320000    0.000000   25.255001    0.275000    0.000000    0.000000    0.000000    0.000000   0.000000   0.000000   0.000000
sn97af      0.579000    0.579000    0.000000   26.875000    0.300000    0.000000    0.000000    0.000000    0.000000   0.000000   0.000000   0.000000
sn97ai      0.450000    0.450000    0.000000   26.224998    0.350000    0.000000    0.000000    0.000000    0.000000   0.000000   0.000000   0.000000
sn97aj      0.581000    0.581000    0.000000   26.485001    0.300000    0.000000    0.000000    0.000000    0.000000   0.000000   0.000000   0.000000
sn97am      0.416000    0.416000    0.000000   25.965000    0.285000    0.000000    0.000000    0.000000    0.000000   0.000000   0.000000   0.000000
sn97ap      0.829000    0.829000    0.000000   27.715000    0.300000    0.000000    0.000000    0.000000    0.000000   0.000000   0.000000   0.000000
sn97as      0.508000    0.508000    0.000000   26.371937    0.245000    0.000000    0.000000    0.440000    0.000000   0.000000   0.000000   0.000000
sn97aw      0.440000    0.440000    0.000000   27.251129    0.250000    0.000000    0.000000    0.360000    0.000000   0.000000   0.000000   0.000000
sn97bb      0.518000    0.518000    0.000000   26.832903    0.245000    0.000000    0.000000    0.040000    0.000000   0.000000   0.000000   0.000000
sn97bd      0.671000    0.671000    0.000000   27.309355    0.325000    0.000000    0.000000    0.990000    0.000000   0.000000   0.000000   0.000000
sn97bh      0.420000    0.420000    0.000000   26.646452    0.245000    0.000000    0.000000    0.330000    0.000000   0.000000   0.000000   0.000000
sn97bj      0.334000    0.334000    0.000000   25.614517    0.255000    0.000000    0.000000    0.200000    0.000000   0.000000   0.000000   0.000000
sn97bp      0.009500    0.009500    0.000000   17.661936    0.125000    0.000000    0.000000    0.440000    0.000000   0.000000   0.000000   0.000000
sn97bq      0.009600    0.009600    0.000000   17.975485    0.115000    0.000000    0.000000    0.420000    0.000000   0.000000   0.000000   0.000000
sn97br      0.008000    0.008000    0.000000   17.031612    0.130000    0.000000    0.000000    0.470000    0.000000   0.000000   0.000000   0.000000
sn97by      0.045000    0.045000    0.000000   20.631613    0.195000    0.000000    0.000000    0.160000    0.000000   0.000000   0.000000   0.000000
sn97bz      0.031300    0.031300    0.000000   24.413225    0.580000    0.000000    0.000000    3.110000    0.000000   0.000000   0.000000   0.000000
sn97ce      0.440000    0.440000    0.000000   26.179678    0.205000    0.000000    0.000000    0.030000    0.000000   0.000000   0.000000   0.000000
sn97cj      0.500000    0.500000    0.000000   26.681129    0.235000    0.000000    0.000000    0.050000    0.000000   0.000000   0.000000   0.000000
sn97ck      0.970000    0.970000    0.000000   28.414839    0.375000    0.000000    0.000000    0.170000    0.000000   0.000000   0.000000   0.000000
sn97cn      0.017500    0.017500    0.000000   18.729355    0.130000    0.000000    0.000000    0.060000    0.000000   0.000000   0.000000   0.000000
sn97cp      0.160000    0.160000    0.000000   24.555161    0.490000    0.000000    0.000000    0.450000    0.000000   0.000000   0.000000   0.000000
sn97cu      0.062000    0.062000    0.000000   21.199999    0.225000    0.000000    0.000000    0.000000    0.000000   0.000000   0.000000   0.000000
sn97cw      0.016400    0.016400    0.000000   19.745485    0.140000    0.000000    0.000000    1.040000    0.000000   0.000000   0.000000   0.000000
sn97dg      0.029700    0.029700    0.000000   20.495646    0.145000    0.000000    0.000000    0.250000    0.000000   0.000000   0.000000   0.000000
sn97do      0.010400    0.010400    0.000000   18.148226    0.140000    0.000000    0.000000    0.320000    0.000000   0.000000   0.000000   0.000000
sn97dr      0.075000    0.075000    0.000000   21.480000    0.195000    0.000000    0.000000    0.000000    0.000000   0.000000   0.000000   0.000000
sn97dt      0.006100    0.006100    0.000000   17.483387    0.215000    0.000000    0.000000    0.460000    0.000000   0.000000   0.000000   0.000000
sn97fb      0.053000    0.053000    0.000000   22.209032    0.225000    0.000000    0.000000    0.710000    0.000000   0.000000   0.000000   0.000000
sn97fc      0.054000    0.054000    0.000000   21.282257    0.195000    0.000000    0.000000    0.100000    0.000000   0.000000   0.000000   0.000000
sn97fd      0.190000    0.190000    0.000000   24.440001    0.325000    0.000000    0.000000    0.000000    0.000000   0.000000   0.000000   0.000000
sn97ff      1.755000    1.755000    0.000000   29.525002    0.415000    0.000000    0.000000    0.000000    0.000000   0.000000   0.000000   0.000000
sn98D       0.013200    0.013200    0.000000   18.289516    0.345000    0.000000    0.000000    0.200000    0.000000   0.000000   0.000000   0.000000
sn98I       0.887000    0.887000    0.000000   28.205645    0.265000    0.000000    0.000000    0.250000    0.000000   0.000000   0.000000   0.000000
sn98J       0.833000    0.833000    0.000000   28.418869    0.260000    0.000000    0.000000    0.260000    0.000000   0.000000   0.000000   0.000000
sn98M       0.630000    0.630000    0.000000   27.350323    0.225000    0.000000    0.000000    0.280000    0.000000   0.000000   0.000000   0.000000
sn98V       0.017000    0.017000    0.000000   18.840000    0.140000    0.000000    0.000000    0.310000    0.000000   0.000000   0.000000   0.000000
sn98ab      0.027800    0.027800    0.000000   20.160322    0.125000    0.000000    0.000000    0.590000    0.000000   0.000000   0.000000   0.000000
sn98ac      0.467000    0.467000    0.000000   26.657099    0.215000    0.000000    0.000000    0.270000    0.000000   0.000000   0.000000   0.000000
sn98aj      0.860000    0.860000    0.000000   28.754517    0.350000    0.000000    0.000000    0.200000    0.000000   0.000000   0.000000   0.000000
sn98aq      0.003700    0.003700    0.000000   15.984355    0.115000    0.000000    0.000000    0.060000    0.000000   0.000000   0.000000   0.000000
sn98bp      0.010400    0.010400    0.000000   17.930485    0.145000    0.000000    0.000000    0.420000    0.000000   0.000000   0.000000   0.000000
sn98br      0.081000    0.081000    0.000000   22.725805    0.315000    0.000000    0.000000    0.390000    0.000000   0.000000   0.000000   0.000000
sn98bu      0.004300    0.004300    0.000000   15.922257    0.140000    0.000000    0.000000    1.030000    0.000000   0.000000   0.000000   0.000000
sn98cm      0.080000    0.080000    0.000000   22.466127    0.295000    0.000000    0.000000    0.360000    0.000000   0.000000   0.000000   0.000000
sn98co      0.017100    0.017100    0.000000   19.015324    0.230000    0.000000    0.000000    0.280000    0.000000   0.000000   0.000000   0.000000
sn98cs      0.032700    0.032700    0.000000   19.819677    0.185000    0.000000    0.000000    0.030000    0.000000   0.000000   0.000000   0.000000
sn98de      0.015700    0.015700    0.000000   19.534355    0.120000    0.000000    0.000000    0.680000    0.000000   0.000000   0.000000   0.000000
sn98dh      0.007600    0.007600    0.000000   17.676292    0.170000    0.000000    0.000000    0.500000    0.000000   0.000000   0.000000   0.000000
sn98dk      0.012000    0.012000    0.000000   18.913065    0.140000    0.000000    0.000000    0.800000    0.000000   0.000000   0.000000   0.000000
sn98dm      0.005400    0.005400    0.000000   18.891935    0.140000    0.000000    0.000000    1.060000    0.000000   0.000000   0.000000   0.000000
sn98do      0.092000    0.092000    0.000000   22.309999    0.345000    0.000000    0.000000    0.000000    0.000000   0.000000   0.000000   0.000000
sn98dv      0.155000    0.155000    0.000000   24.085484    0.620000    0.000000    0.000000    0.420000    0.000000   0.000000   0.000000   0.000000
sn98dw      0.049000    0.049000    0.000000   21.040001    0.255000    0.000000    0.000000    0.000000    0.000000   0.000000   0.000000   0.000000
sn98dx      0.053800    0.053800    0.000000   20.941130    0.150000    0.000000    0.000000    0.050000    0.000000   0.000000   0.000000   0.000000
sn98dz      0.091000    0.091000    0.000000   22.501614    0.225000    0.000000    0.000000    0.160000    0.000000   0.000000   0.000000   0.000000
sn98ea      0.057000    0.057000    0.000000   22.337097    0.215000    0.000000    0.000000    0.580000    0.000000   0.000000   0.000000   0.000000
sn98ec      0.020000    0.020000    0.000000   19.758873    0.195000    0.000000    0.000000    0.570000    0.000000   0.000000   0.000000   0.000000
sn98ef      0.017000    0.017000    0.000000   18.355806    0.140000    0.000000    0.000000    0.080000    0.000000   0.000000   0.000000   0.000000
sn98eg      0.023400    0.023400    0.000000   19.828871    0.210000    0.000000    0.000000    0.260000    0.000000   0.000000   0.000000   0.000000
sn98es      0.009500    0.009500    0.000000   17.626451    0.155000    0.000000    0.000000    0.330000    0.000000   0.000000   0.000000   0.000000
sn98fb      0.060000    0.060000    0.000000   21.310001    0.295000    0.000000    0.000000    0.000000    0.000000   0.000000   0.000000   0.000000
sn99Q       0.460000    0.460000    0.000000   26.772581    0.210000    0.000000    0.000000    0.070000    0.000000   0.000000   0.000000   0.000000
sn99U       0.500000    0.500000    0.000000   26.631451    0.350000    0.000000    0.000000    0.020000    0.000000   0.000000   0.000000   0.000000
sn99X       0.025700    0.025700    0.000000   19.876451    0.185000    0.000000    0.000000    0.330000    0.000000   0.000000   0.000000   0.000000
sn99aa      0.015700    0.015700    0.000000   18.433226    0.160000    0.000000    0.000000    0.010000    0.000000   0.000000   0.000000   0.000000
sn99ac      0.009900    0.009900    0.000000   17.945484    0.115000    0.000000    0.000000    0.420000    0.000000   0.000000   0.000000   0.000000
sn99ao      0.055000    0.055000    0.000000   21.553871    0.195000    0.000000    0.000000    0.260000    0.000000   0.000000   0.000000   0.000000
sn99by      0.002700    0.002700    0.000000   16.287258    0.835000    0.000000    0.000000    0.720000    0.000000   0.000000   0.000000   0.000000
sn99cc      0.031600    0.031600    0.000000   20.086937    0.145000    0.000000    0.000000    0.130000    0.000000   0.000000   0.000000   0.000000
sn99cl      0.008200    0.008200    0.000000   17.266935    0.450000    0.000000    0.000000    1.680000    0.000000   0.000000   0.000000   0.000000
sn99cp      0.010400    0.010400    0.000000   17.677904    0.130000    0.000000    0.000000    0.040000    0.000000   0.000000   0.000000   0.000000
sn99cw      0.011200    0.011200    0.000000   17.569839    0.170000    0.000000    0.000000    0.170000    0.000000   0.000000   0.000000   0.000000
sn99da      0.012100    0.012100    0.000000   18.882097    0.220000    0.000000    0.000000    0.580000    0.000000   0.000000   0.000000   0.000000
sn99dk      0.014100    0.014100    0.000000   18.522581    0.195000    0.000000    0.000000    0.070000    0.000000   0.000000   0.000000   0.000000
sn99dq      0.013600    0.013600    0.000000   18.202904    0.115000    0.000000    0.000000    0.350000    0.000000   0.000000   0.000000   0.000000
sn99ef      0.038000    0.038000    0.000000   20.774675    0.165000    0.000000    0.000000    0.030000    0.000000   0.000000   0.000000   0.000000
sn99ej      0.012700    0.012700    0.000000   18.525806    0.155000    0.000000    0.000000    0.080000    0.000000   0.000000   0.000000   0.000000
sn99ek      0.017600    0.017600    0.000000   19.254999    0.220000    0.000000    0.000000    0.620000    0.000000   0.000000   0.000000   0.000000
sn99ff      0.455000    0.455000    0.000000   26.656612    0.240000    0.000000    0.000000    0.160000    0.000000   0.000000   0.000000   0.000000
sn99fh      0.369000    0.369000    0.000000   26.600807    0.305000    0.000000    0.000000    0.700000    0.000000   0.000000   0.000000   0.000000
sn99fj      0.815000    0.815000    0.000000   27.939032    0.255000    0.000000    0.000000    0.090000    0.000000   0.000000   0.000000   0.000000
sn99fk      1.056000    1.056000    0.000000   28.334677    0.270000    0.000000    0.000000    0.030000    0.000000   0.000000   0.000000   0.000000
sn99fm      0.949000    0.949000    0.000000   27.952904    0.265000    0.000000    0.000000    0.040000    0.000000   0.000000   0.000000   0.000000
sn99fn      0.477000    0.477000    0.000000   26.469839    0.195000    0.000000    0.000000    0.170000    0.000000   0.000000   0.000000   0.000000
sn99fv      1.199000    1.199000    0.000000   28.572420    0.340000    0.000000    0.000000    0.240000    0.000000   0.000000   0.000000   0.000000
sn99fw      0.278000    0.278000    0.000000   25.484676    0.235000    0.000000    0.000000    0.340000    0.000000   0.000000   0.000000   0.000000
sn99gd      0.019000    0.019000    0.000000   20.574678    0.145000    0.000000    0.000000    1.270000    0.000000   0.000000   0.000000   0.000000
sn99gh      0.008800    0.008800    0.000000   16.978386    0.115000    0.000000    0.000000    0.150000    0.000000   0.000000   0.000000   0.000000
sn99gp      0.026000    0.026000    0.000000   19.863388    0.140000    0.000000    0.000000    0.150000    0.000000   0.000000   0.000000   0.000000
sn00B       0.019300    0.019300    0.000000   19.202581    0.195000    0.000000    0.000000    0.380000    0.000000   0.000000   0.000000   0.000000
sn00bk      0.026600    0.026600    0.000000   19.898870    0.150000    0.000000    0.000000    0.260000    0.000000   0.000000   0.000000   0.000000
sn00ce      0.016500    0.016500    0.000000   19.874031    0.150000    0.000000    0.000000    1.020000    0.000000   0.000000   0.000000   0.000000
sn00cf      0.036000    0.036000    0.000000   20.731936    0.160000    0.000000    0.000000    0.130000    0.000000   0.000000   0.000000   0.000000
sn00cn      0.023300    0.023300    0.000000   19.592096    0.115000    0.000000    0.000000    0.270000    0.000000   0.000000   0.000000   0.000000
sn00cx      0.007000    0.007000    0.000000   16.626451    0.115000    0.000000    0.000000    0.020000    0.000000   0.000000   0.000000   0.000000
sn00dk      0.016400    0.016400    0.000000   18.398226    0.115000    0.000000    0.000000    0.010000    0.000000   0.000000   0.000000   0.000000
sn00dz      0.500000    0.500000    0.000000   26.852583    0.265000    0.000000    0.000000    0.070000    0.000000   0.000000   0.000000   0.000000
sn00ea      0.420000    0.420000    0.000000   26.618872    0.265000    0.000000    0.000000    0.880000    0.000000   0.000000   0.000000   0.000000
sn00ec      0.470000    0.470000    0.000000   26.752905    0.215000    0.000000    0.000000    0.040000    0.000000   0.000000   0.000000   0.000000
sn00ee      0.470000    0.470000    0.000000   26.767904    0.205000    0.000000    0.000000    0.040000    0.000000   0.000000   0.000000   0.000000
sn00eg      0.540000    0.540000    0.000000   26.404839    0.245000    0.000000    0.000000    0.170000    0.000000   0.000000   0.000000   0.000000
sn00eh      0.490000    0.490000    0.000000   26.384516    0.210000    0.000000    0.000000    0.200000    0.000000   0.000000   0.000000   0.000000
sn00fa      0.021800    0.021800    0.000000   19.634676    0.130000    0.000000    0.000000    0.340000    0.000000   0.000000   0.000000   0.000000
sn01V       0.016200    0.016200    0.000000   18.574516    0.115000    0.000000    0.000000    0.200000    0.000000   0.000000   0.000000   0.000000
