       7      15 -0.000210841
       7      45  1.05796e-05
       7      75 -1.54249e-05
       7     105 -5.66832e-06
       7     135  3.77014e-06
       7     165 -9.10136e-06
       7     195 -1.03853e-05
       7     225  6.68931e-06
       7     255  4.20327e-06
       7     285 -6.47976e-06
       7     315 -4.62596e-06
       7     345  3.18020e-06
       7     375  1.61029e-06
       7     405 -2.65542e-06
       7     435  2.11160e-06
       7     465  3.35595e-06
       7     495  3.75456e-06
       7     525  4.22064e-06
       7     555  2.16117e-06
       7     585 -1.00561e-06
       7     615  7.68932e-06
       7     645  4.12164e-06
       7     675 -1.49958e-06
       7     705  6.72823e-06
       7     735  2.68111e-05
       7     765  2.67827e-05
       7     795  3.01159e-05
       7     825  3.87621e-05
       7     855  8.88503e-06
       7     885 -0.000135288
       7     915 -0.000291499
       7     945 -0.000309645
       7     975 -8.72847e-05
       7    1005  0.000977577
       7    1035   0.00287432
       7    1065   0.00429892
       7    1095   0.00567591
       7    1125   0.00630151
       7    1155   0.00585274
       7    1185   0.00484546
       7    1215   0.00311258
       7    1245   0.00118228
       7    1275 -0.000101895
       7    1305 -0.000493944
       7    1335 -0.000567665
       7    1365 -0.000334737
       7    1395 -2.35142e-05
       7    1425  0.000120970
       7    1455  0.000131466
       7    1485  0.000109332
       7    1515  8.92953e-05
       7    1545  4.21891e-05
       7    1575 -1.27991e-05
       7    1605 -2.35143e-05
       7    1635  8.42836e-06
       7    1665  1.60723e-05
       7    1695  2.75964e-07
       7    1725  4.98739e-06
       7    1755  2.39891e-05
       7    1785  1.89966e-05
       7    1815  5.25696e-06
       7    1845  7.52543e-06
       7    1875  1.30361e-05
       7    1905  1.00766e-05
       7    1935  1.19907e-06
       7    1965  5.85111e-06
       7    1995  8.33936e-06
       7    2025  5.71896e-06
       7    2055 -1.93821e-08
       7    2085  3.54655e-06
       7    2115  6.35667e-06
       7    2145  3.61246e-06
       7    2175  1.88038e-07
       7    2205  2.94159e-06
       7    2235  4.53252e-06
       7    2265  1.97527e-06
       7    2295  2.76089e-07
       7    2325  2.13189e-06
       7    2355  3.11700e-06
       7    2385  1.83208e-06
       7    2415 -1.83065e-07
       7    2445  2.33709e-06
       7    2475  2.64106e-06
       7    2505  1.59454e-06
       7    2535 -7.10433e-08
       7    2565  1.58263e-06
       7    2595  1.55674e-06
       7    2625  5.31626e-07
       7    2655 -1.00070e-07
       7    2685  1.00779e-06
       7    2715  1.09505e-06
       7    2745 -2.57435e-07
       7    2775 -2.50474e-07
       7    2805  6.22329e-07
       7    2835  6.68522e-07
       7    2865 -5.36183e-07
       7    2895 -4.82297e-08
       7    2925  3.80851e-07
       7    2955  2.76210e-07
       7    2985 -4.09401e-07