      13      15  -0.00142562
      13      45  0.000163061
      13      75 -3.68464e-05
      13     105 -4.73448e-05
      13     135  2.43315e-05
      13     165  1.43855e-05
      13     195 -6.40131e-05
      13     225  1.90046e-06
      13     255  3.42175e-05
      13     285 -9.58814e-06
      13     315 -3.95948e-05
      13     345  3.06471e-05
      13     375  2.06589e-05
      13     405 -3.02366e-05
      13     435 -9.99488e-06
      13     465  3.05429e-05
      13     495 -9.31921e-07
      13     525 -2.87615e-05
      13     555  1.00822e-05
      13     585  1.68034e-05
      13     615 -8.56664e-06
      13     645 -1.96979e-05
      13     675  2.21587e-05
      13     705  7.14162e-06
      13     735 -1.17910e-05
      13     765 -6.88887e-06
      13     795  2.01732e-05
      13     825 -2.69907e-07
      13     855 -9.88291e-06
      13     885  2.33282e-06
      13     915  1.57284e-05
      13     945  6.61591e-07
      13     975 -2.72606e-06
      13    1005  1.22623e-05
      13    1035  1.36567e-05
      13    1065  4.99401e-07
      13    1095 -1.58769e-06
      13    1125  1.44100e-05
      13    1155  8.50294e-06
      13    1185  5.14302e-06
      13    1215  6.84828e-06
      13    1245  2.59323e-05
      13    1275  1.77335e-05
      13    1305  1.63788e-05
      13    1335  1.74188e-05
      13    1365  2.68565e-05
      13    1395  1.71228e-05
      13    1425  1.63801e-05
      13    1455  2.06970e-05
      13    1485  2.87822e-05
      13    1515  2.40780e-05
      13    1545  2.66798e-05
      13    1575  4.08793e-05
      13    1605  5.20894e-05
      13    1635  5.74481e-05
      13    1665  8.05829e-05
      13    1695  0.000108384
      13    1725  9.48083e-05
      13    1755  3.70219e-05
      13    1785 -5.87616e-05
      13    1815 -0.000120334
      13    1845 -8.16962e-05
      13    1875  9.93485e-05
      13    1905  0.000567123
      13    1935   0.00141768
      13    1965   0.00221696
      13    1995   0.00268684
      13    2025   0.00319620
      13    2055   0.00345910
      13    2085   0.00280026
      13    2115   0.00250116
      13    2145   0.00248763
      13    2175   0.00242589
      13    2205   0.00194212
      13    2235   0.00165796
      13    2265   0.00167055
      13    2295   0.00155916
      13    2325   0.00115453
      13    2355  0.000910458
      13    2385  0.000737032
      13    2415  0.000419463
      13    2445  0.000164990
      13    2475  6.29947e-05
      13    2505  2.24578e-05
      13    2535  7.12658e-06
      13    2565  2.25866e-06
      13    2595 -1.45284e-07
      13    2625 -1.76598e-06
      13    2655 -1.23588e-06
      13    2685 -8.43184e-07
      13    2715 -1.22840e-06
      13    2745 -1.41359e-06
      13    2775 -8.01183e-07
      13    2805 -2.96273e-07
      13    2835 -4.41617e-07
      13    2865 -5.22727e-07
      13    2895 -1.24408e-07
      13    2925  1.88334e-07
      13    2955  3.91534e-07
      13    2985  7.54066e-07