 14      15  -0.00241003
      14      45  0.000403487
      14      75 -8.84757e-05
      14     105 -0.000117530
      14     135  6.02534e-05
      14     165  3.84256e-05
      14     195 -0.000160608
      14     225  4.11665e-06
      14     255  9.24802e-05
      14     285 -1.66992e-05
      14     315 -9.93779e-05
      14     345  8.64130e-05
      14     375  6.10805e-05
      14     405 -7.86678e-05
      14     435 -2.65628e-05
      14     465  8.49199e-05
      14     495 -3.54777e-06
      14     525 -8.60299e-05
      14     555  2.49646e-05
      14     585  4.77758e-05
      14     615 -2.71926e-05
      14     645 -5.72683e-05
      14     675  6.68966e-05
      14     705  2.40859e-05
      14     735 -3.81935e-05
      14     765 -2.08279e-05
      14     795  6.02348e-05
      14     825 -4.09876e-06
      14     855 -3.57922e-05
      14     885  3.47265e-06
      14     915  3.97556e-05
      14     945 -1.46553e-05
      14     975 -2.76925e-05
      14    1005  2.02988e-05
      14    1035  2.49495e-05
      14    1065 -1.31628e-05
      14    1095 -1.49925e-05
      14    1125  3.46707e-05
      14    1155  1.32006e-05
      14    1185 -3.86004e-06
      14    1215 -3.23357e-06
      14    1245  4.10227e-05
      14    1275  1.19114e-05
      14    1305  6.43548e-06
      14    1335  1.17198e-05
      14    1365  3.46352e-05
      14    1395  5.18428e-06
      14    1425  5.02948e-06
      14    1455  1.95570e-05
      14    1485  3.33428e-05
      14    1515  1.53807e-05
      14    1545  2.14283e-05
      14    1575  4.56176e-05
      14    1605  4.56211e-05
      14    1635  2.81695e-05
      14    1665  2.91827e-05
      14    1695  4.78672e-05
      14    1725  4.24750e-05
      14    1755  4.02562e-05
      14    1785  5.57022e-05
      14    1815  8.89735e-05
      14    1845  7.20440e-05
      14    1875  4.31787e-05
      14    1905 -5.78134e-07
      14    1935 -7.06961e-05
      14    1965 -0.000172075
      14    1995 -0.000230328
      14    2025 -0.000273860
      14    2055 -0.000282628
      14    2085 -0.000229672
      14    2115 -0.000199872
      14    2145 -0.000174959
      14    2175 -0.000146794
      14    2205 -0.000109258
      14    2235 -7.00581e-05
      14    2265  4.83771e-07
      14    2295  0.000123854
      14    2325  0.000346820
      14    2355  0.000907083
      14    2385   0.00215830
      14    2415   0.00301398
      14    2445   0.00318973
      14    2475   0.00332352
      14    2505   0.00369402
      14    2535   0.00314310
      14    2565   0.00235080
      14    2595   0.00213097
      14    2625   0.00225810
      14    2655   0.00178464
      14    2685   0.00134688
      14    2715   0.00125143
      14    2745   0.00123276
      14    2775  0.000973365
      14    2805  0.000699252
      14    2835  0.000680252
      14    2865  0.000632966
      14    2895  0.000477500
      14    2925  0.000348337
      14    2955  0.000302529
      14    2985  0.000224160
