 2      15   0.00476167
       2      45  -0.00422300
       2      75 -8.74816e-05
       2     105  0.000893561
       2     135 -0.000456383
       2     165  -0.00131335
       2     195  0.000962706
       2     225  0.000664842
       2     255 -0.000315196
       2     285  0.000804172
       2     315   0.00468397
       2     345   0.00495624
       2     375   0.00464773
       2     405   0.00719145
       2     435   0.00753101
       2     465   0.00289570
       2     495  0.000431981
       2     525  0.000166134
       2     555 -9.58212e-06
       2     585 -0.000649148
       2     615 -0.000427460
       2     645  0.000384368
       2     675  0.000222941
       2     705 -0.000108900
       2     735 -2.24099e-05
       2     765  0.000318288
       2     795 -9.23072e-05
       2     825 -0.000140912
       2     855 -7.11717e-05
       2     885  0.000163047
       2     915 -9.24946e-05
       2     945 -1.85417e-05
       2     975 -5.10384e-05
       2    1005  0.000171010
       2    1035 -9.73241e-07
       2    1065  9.51495e-06
       2    1095 -1.26606e-05
       2    1125  0.000102274
       2    1155 -2.22862e-05
       2    1185 -7.77086e-05
       2    1215 -5.77242e-06
       2    1245  0.000108496
       2    1275  5.06521e-05
       2    1305 -0.000137994
       2    1335 -1.58749e-05
       2    1365  4.22212e-05
       2    1395  1.31093e-05
       2    1425 -0.000154831
       2    1455  4.62527e-05
       2    1485  5.72334e-05
       2    1515 -6.90703e-06
       2    1545 -0.000212510
       2    1575  3.11443e-05
       2    1605  0.000140626
       2    1635 -5.80811e-06
       2    1665 -0.000206095
       2    1695  3.56201e-05
       2    1725  0.000215308
       2    1755  4.89344e-06
       2    1785 -0.000143267
       2    1815 -8.37864e-06
       2    1845  6.70496e-05
       2    1875 -4.87151e-05
       2    1905 -9.90167e-05
       2    1935  4.11921e-05
       2    1965  6.24368e-05
       2    1995 -2.89603e-05
       2    2025 -4.81985e-05
       2    2055  2.30157e-05
       2    2085  7.48377e-05
       2    2115 -3.39786e-05
       2    2145 -4.72713e-05
       2    2175 -3.95432e-06
       2    2205  5.64430e-05
       2    2235 -3.63810e-05
       2    2265 -4.42106e-05
       2    2295 -1.95190e-05
       2    2325  3.64247e-05
       2    2355 -3.61539e-05
       2    2385 -8.73731e-05
       2    2415  4.51828e-05
       2    2445  2.31417e-05
       2    2475 -2.30442e-05
       2    2505 -8.31536e-05
       2    2535  4.92953e-05
       2    2565  1.10215e-05
       2    2595 -2.29364e-05
       2    2625 -6.43403e-05
       2    2655  3.38635e-05
       2    2685  2.22523e-06
       2    2715 -5.59016e-05
       2    2745 -6.80399e-06
       2    2775  1.94289e-05
       2    2805 -1.20578e-06
       2    2835 -4.29344e-05
       2    2865  6.92021e-06
       2    2895  9.18787e-06
       2    2925 -4.17997e-06
       2    2955 -1.95707e-05
       2    2985  7.51307e-06