 6      15 -0.000207734
       6      45  3.13411e-05
       6      75 -1.31813e-05
       6     105 -1.10673e-05
       6     135  4.57173e-06
       6     165 -2.70985e-06
       6     195 -1.83421e-05
       6     225 -9.79808e-07
       6     255  7.49103e-06
       6     285  1.09914e-06
       6     315 -1.31087e-05
       6     345  1.04421e-05
       6     375  1.42426e-05
       6     405 -2.43259e-06
       6     435 -7.35372e-06
       6     465  1.39765e-05
       6     495  1.02176e-05
       6     525 -8.34621e-06
       6     555  9.54447e-07
       6     585  2.18496e-05
       6     615  1.64651e-05
       6     645  4.43833e-06
       6     675  2.58199e-05
       6     705  2.73922e-05
       6     735 -1.61110e-05
       6     765 -7.04479e-05
       6     795 -3.51617e-05
       6     825  5.25408e-05
       6     855  0.000315375
       6     885   0.00144982
       6     915   0.00343291
       6     945   0.00537958
       6     975   0.00722391
       6    1005   0.00766556
       6    1035   0.00513765
       6    1065   0.00214341
       6    1095  0.000605334
       6    1125  1.33702e-06
       6    1155 -0.000164091
       6    1185 -0.000186445
       6    1215 -0.000105633
       6    1245  2.51851e-05
       6    1275  8.95522e-05
       6    1305  7.44930e-05
       6    1335  5.66730e-05
       6    1365  4.78538e-05
       6    1395  2.58279e-05
       6    1425  5.98290e-06
       6    1455  1.60248e-06
       6    1485  1.33624e-05
       6    1515  1.18476e-05
       6    1545  1.08509e-05
       6    1575  1.23473e-05
       6    1605  2.21983e-05
       6    1635  1.64053e-05
       6    1665  1.08297e-05
       6    1695  1.14282e-05
       6    1725  1.83072e-05
       6    1755  1.34372e-05
       6    1785  7.87187e-06
       6    1815  8.80434e-06
       6    1845  1.14406e-05
       6    1875  7.95742e-06
       6    1905  4.90000e-06
       6    1935  7.10947e-06
       6    1965  7.46777e-06
       6    1995  5.20261e-06
       6    2025  2.07545e-06
       6    2055  5.86948e-06
       6    2085  5.24644e-06
       6    2115  3.31233e-06
       6    2145  2.22161e-06
       6    2175  5.10116e-06
       6    2205  3.92201e-06
       6    2235  2.18394e-06
       6    2265  1.99031e-06
       6    2295  4.55613e-06
       6    2325  3.21093e-06
       6    2355  1.74219e-06
       6    2385  2.46192e-06
       6    2415  3.42295e-06
       6    2445  2.12465e-06
       6    2475  1.02199e-06
       6    2505  2.12109e-06
       6    2535  2.58997e-06
       6    2565  1.49299e-06
       6    2595  6.92204e-07
       6    2625  1.82854e-06
       6    2655  1.95280e-06
       6    2685  9.91444e-07
       6    2715  7.41898e-07
       6    2745  1.22262e-06
       6    2775  1.37091e-06
       6    2805  4.90038e-07
       6    2835  4.97244e-07
       6    2865  8.57059e-07
       6    2895  8.20399e-07
       6    2925  2.98826e-07
       6    2955  2.95819e-07
       6    2985  6.04727e-07