 12      15  -0.00103089
      12      45  9.17579e-05
      12      75 -2.60413e-05
      12     105 -2.80563e-05
      12     135  1.46978e-05
      12     165  3.28872e-06
      12     195 -3.87595e-05
      12     225  5.51743e-06
      12     255  2.15698e-05
      12     285 -9.55002e-06
      12     315 -2.13274e-05
      12     345  2.18994e-05
      12     375  1.08818e-05
      12     405 -2.08188e-05
      12     435 -2.85496e-06
      12     465  1.89615e-05
      12     495 -3.42737e-06
      12     525 -1.83134e-05
      12     555  8.70108e-06
      12     585  9.47756e-06
      12     615 -7.45865e-06
      12     645 -1.05713e-05
      12     675  1.63183e-05
      12     705  3.00710e-06
      12     735 -8.22002e-06
      12     765 -1.51672e-06
      12     795  1.33409e-05
      12     825 -1.97838e-06
      12     855 -6.11225e-06
      12     885  4.02434e-06
      12     915  1.05627e-05
      12     945 -1.45513e-07
      12     975  3.71439e-07
      12    1005  1.28508e-05
      12    1035  1.02418e-05
      12    1065  3.90081e-08
      12    1095  1.69298e-06
      12    1125  1.32018e-05
      12    1155  5.54264e-06
      12    1185  3.40658e-06
      12    1215  9.26817e-06
      12    1245  2.40031e-05
      12    1275  1.32300e-05
      12    1305  1.18545e-05
      12    1335  1.59849e-05
      12    1365  1.67850e-05
      12    1395  9.99971e-07
      12    1425  8.19948e-06
      12    1455  3.11294e-05
      12    1485  5.53592e-05
      12    1515  7.57634e-05
      12    1545  0.000113360
      12    1575  0.000121237
      12    1605 -1.03872e-06
      12    1635 -0.000208981
      12    1665 -0.000488839
      12    1695 -0.000563898
      12    1725 -0.000106301
      12    1755   0.00109814
      12    1785   0.00340288
      12    1815   0.00586757
      12    1845   0.00645888
      12    1875   0.00583800
      12    1905   0.00557552
      12    1935   0.00457990
      12    1965   0.00244075
      12    1995  0.000905513
      12    2025  0.000224271
      12    2055 -3.66426e-05
      12    2085 -0.000117104
      12    2115 -0.000149595
      12    2145 -0.000165640
      12    2175 -0.000162028
      12    2205 -0.000134267
      12    2235 -0.000121317
      12    2265 -0.000123167
      12    2295 -0.000113274
      12    2325 -8.46157e-05
      12    2355 -6.58063e-05
      12    2385 -4.73597e-05
      12    2415 -2.05638e-05
      12    2445 -3.04590e-06
      12    2475  5.34416e-06
      12    2505  1.08851e-05
      12    2535  1.09910e-05
      12    2565  7.82180e-06
      12    2595  7.17858e-06
      12    2625  7.81945e-06
      12    2655  6.54942e-06
      12    2685  4.93200e-06
      12    2715  4.84204e-06
      12    2745  5.01313e-06
      12    2775  4.07993e-06
      12    2805  2.81003e-06
      12    2835  2.86347e-06
      12    2865  3.00326e-06
      12    2895  2.39565e-06
      12    2925  1.74771e-06
      12    2955  1.71399e-06
      12    2985  1.67778e-06