   5      15  0.000308422
       5      45 -0.000294540
       5      75 -4.94637e-05
       5     105  4.80229e-05
       5     135 -2.32752e-05
       5     165 -0.000122356
       5     195  4.84221e-05
       5     225  8.30512e-05
       5     255 -8.46515e-06
       5     285 -7.25583e-05
       5     315  7.67243e-05
       5     345  3.66305e-05
       5     375 -6.33666e-05
       5     405 -4.59535e-05
       5     435  9.48662e-05
       5     465  1.96654e-05
       5     495 -4.63589e-05
       5     525  3.63756e-05
       5     555  0.000101583
       5     585 -7.65867e-05
       5     615 -0.000194702
       5     645 -0.000146142
       5     675  4.51998e-05
       5     705  0.000550875
       5     735   0.00190194
       5     765   0.00428735
       5     795   0.00560316
       5     825   0.00525998
       5     855   0.00553013
       5     885   0.00650210
       5     915   0.00448271
       5     945   0.00174588
       5     975 -0.000276402
       5    1005  -0.00115986
       5    1035  -0.00102887
       5    1065 -0.000438693
       5    1095 -6.83714e-06
       5    1125  0.000157944
       5    1155  0.000112597
       5    1185  0.000124075
       5    1215  0.000115349
       5    1245  5.16994e-05
       5    1275 -4.03089e-05
       5    1305 -3.49227e-05
       5    1335  3.63114e-06
       5    1365  3.21648e-06
       5    1395 -4.48107e-06
       5    1425  3.76364e-06
       5    1455  3.11469e-05
       5    1485  6.37490e-06
       5    1515  2.46062e-06
       5    1545 -8.97725e-06
       5    1575  3.05515e-05
       5    1605  8.86849e-06
       5    1635 -3.05614e-06
       5    1665 -9.85859e-06
       5    1695  3.34248e-05
       5    1725  1.55107e-05
       5    1755 -7.86842e-06
       5    1785 -8.32160e-06
       5    1815  1.52582e-05
       5    1845  1.22804e-06
       5    1875 -7.60327e-06
       5    1905 -1.07441e-06
       5    1935  1.23519e-05
       5    1965  8.62841e-07
       5    1995 -6.91999e-06
       5    2025  8.14266e-06
       5    2055  6.46235e-06
       5    2085  1.04297e-06
       5    2115 -4.69668e-06
       5    2145  6.60546e-06
       5    2175  3.41935e-06
       5    2205  9.40629e-08
       5    2235 -2.69280e-06
       5    2265  7.56062e-06
       5    2295 -1.12634e-06
       5    2325 -1.39328e-06
       5    2355 -8.52707e-07
       5    2385  1.08090e-06
       5    2415  2.60345e-06
       5    2445 -1.57876e-06
       5    2475  1.85709e-06
       5    2505 -1.23257e-06
       5    2535  2.29090e-06
       5    2565 -1.43043e-06
       5    2595  2.27203e-06
       5    2625 -1.10240e-06
       5    2655  5.48874e-07
       5    2685 -8.99745e-07
       5    2715 -8.41270e-07
       5    2745  1.33500e-06
       5    2775 -1.04154e-07
       5    2805 -1.64628e-07
       5    2835 -9.69667e-07
       5    2865  1.59740e-06
       5    2895 -5.81087e-07
       5    2925  5.54335e-08
       5    2955 -1.33361e-07
       5    2985  1.00396e-06