 3      15  -0.00135683
       3      45   0.00130198
       3      75 -0.000129607
       3     105 -0.000336044
       3     135  0.000170740
       3     165  0.000290842
       3     195 -0.000422163
       3     225 -8.74543e-05
       3     255  0.000291916
       3     285  6.94781e-05
       3     315 -0.000495596
       3     345  5.08412e-05
       3     375  0.000293506
       3     405  0.000536718
       3     435   0.00195880
       3     465   0.00392796
       3     495   0.00474461
       3     525   0.00622147
       3     555   0.00755019
       3     585   0.00528371
       3     615   0.00268382
       3     645  0.000706207
       3     675  1.30662e-05
       3     705 -0.000230953
       3     735 -0.000414828
       3     765 -0.000259915
       3     795  0.000169760
       3     825  7.29742e-05
       3     855 -5.77445e-06
       3     885  7.42548e-05
       3     915  0.000205042
       3     945  4.14618e-06
       3     975 -7.08424e-05
       3    1005 -4.38242e-05
       3    1035  3.07788e-05
       3    1065 -3.47728e-05
       3    1095 -9.19694e-06
       3    1125  4.51062e-05
       3    1155  2.06298e-05
       3    1185  8.79211e-06
       3    1215 -1.81921e-05
       3    1245  3.04882e-05
       3    1275  8.53960e-06
       3    1305  4.23525e-05
       3    1335 -1.99556e-05
       3    1365  1.57136e-05
       3    1395  3.06242e-06
       3    1425  2.85144e-05
       3    1455 -2.57203e-05
       3    1485  1.49214e-05
       3    1515  1.30525e-05
       3    1545  2.22659e-05
       3    1575 -2.58925e-05
       3    1605  2.65964e-05
       3    1635  2.22206e-05
       3    1665 -3.99423e-06
       3    1695  1.49558e-05
       3    1725  4.98983e-05
       3    1755  2.50094e-05
       3    1785 -1.63395e-05
       3    1815  1.89399e-05
       3    1845  2.67357e-05
       3    1875  2.64618e-06
       3    1905 -1.72877e-05
       3    1935  2.34906e-05
       3    1965  1.79653e-05
       3    1995 -2.11987e-05
       3    2025 -2.70573e-05
       3    2055  3.34505e-05
       3    2085  7.20969e-06
       3    2115 -2.21280e-05
       3    2145 -4.99291e-06
       3    2175  5.07581e-05
       3    2205  8.51427e-06
       3    2235 -1.83030e-05
       3    2265  1.52199e-05
       3    2295  5.35478e-05
       3    2325  5.64084e-06
       3    2355 -1.43239e-05
       3    2385  3.06846e-05
       3    2415  2.07872e-05
       3    2445 -1.03123e-05
       3    2475 -2.03765e-05
       3    2505  2.67082e-05
       3    2535  1.35977e-05
       3    2565 -8.71292e-06
       3    2595 -8.96373e-06
       3    2625  3.02352e-05
       3    2655  1.26371e-05
       3    2685 -5.20952e-06
       3    2715  8.59060e-06
       3    2745  1.60115e-05
       3    2775  1.19228e-05
       3    2805 -3.94972e-06
       3    2835  8.15334e-06
       3    2865  1.23546e-05
       3    2895  7.82982e-06
       3    2925 -2.07725e-06
       3    2955  3.83187e-06
       3    2985  8.77054e-06