       1      15   0.00904645
       1      45  -0.00994070
       1      75   0.00567136
       1     105   0.00494168
       1     135 -0.000497792
       1     165   0.00395156
       1     195    0.0100085
       1     225   0.00319293
       1     255   0.00160146
       1     285   0.00753201
       1     315   0.00696889
       1     345  -0.00146418
       1     375  -0.00111639
       1     405   0.00145312
       1     435  -0.00157756
       1     465  -0.00276904
       1     495  0.000967694
       1     525   0.00252188
       1     555 -0.000900683
       1     585 -0.000589024
       1     615   0.00127747
       1     645  0.000822187
       1     675  -0.00219192
       1     705 -0.000440057
       1     735  0.000963975
       1     765 -1.45343e-05
       1     795  -0.00126941
       1     825  0.000384935
       1     855  0.000953847
       1     885 -0.000231155
       1     915 -0.000747183
       1     945  0.000104369
       1     975  0.000695520
       1    1005 -7.13035e-05
       1    1035 -0.000292690
       1    1065  0.000144692
       1    1095  0.000418671
       1    1125 -0.000641492
       1    1155 -0.000188115
       1    1185  6.50400e-05
       1    1215  0.000641105
       1    1245 -0.000658033
       1    1275 -0.000569249
       1    1305 -0.000222389
       1    1335  0.000480187
       1    1365 -0.000405247
       1    1395 -0.000194660
       1    1425  0.000248799
       1    1455  0.000245058
       1    1485 -0.000383134
       1    1515 -0.000298621
       1    1545  0.000583079
       1    1575  0.000394367
       1    1605 -0.000800862
       1    1635 -0.000551149
       1    1665  0.000742794
       1    1695 -9.60119e-05
       1    1725  -0.00139790
       1    1755 -0.000633293
       1    1785  0.000631541
       1    1815 -0.000170274
       1    1845 -0.000705744
       1    1875 -2.34408e-05
       1    1905  0.000520752
       1    1935 -0.000289348
       1    1965 -0.000427972
       1    1995  0.000276865
       1    2025  0.000598529
       1    2055 -0.000262259
       1    2085 -0.000353965
       1    2115  0.000246808
       1    2145  0.000232010
       1    2175 -0.000474786
       1    2205 -0.000411827
       1    2235  0.000123313
       1    2265 -2.09794e-05
       1    2295 -0.000507996
       1    2325 -0.000385493
       1    2355  0.000117022
       1    2385  2.90355e-05
       1    2415 -0.000253208
       1    2445 -5.99103e-05
       1    2475  0.000288910
       1    2505  0.000149939
       1    2535 -0.000247799
       1    2565 -4.62462e-05
       1    2595  0.000136194
       1    2625 -5.87145e-06
       1    2655 -0.000278676
       1    2685 -7.61316e-05
       1    2715  5.62908e-05
       1    2745 -8.76084e-05
       1    2775 -0.000267953
       1    2805 -5.80123e-05
       1    2835  4.50449e-05
       1    2865 -0.000131737
       1    2895 -0.000192109
       1    2925 -5.21104e-05
       1    2955  3.50262e-05
       1    2985 -0.000120940