       1      15   0.00904645
       1      45  -0.00994070
       1      75   0.00567136
       1     105   0.00494168
       1     135 -0.000497792
       1     165   0.00395156
       1     195    0.0100085
       1     225   0.00319293
       1     255   0.00160146
       1     285   0.00753201
       1     315   0.00696889
       1     345  -0.00146418
       1     375  -0.00111639
       1     405   0.00145312
       1     435  -0.00157756
       1     465  -0.00276904
       1     495  0.000967694
       1     525   0.00252188
       1     555 -0.000900683
       1     585 -0.000589024
       1     615   0.00127747
       1     645  0.000822187
       1     675  -0.00219192
       1     705 -0.000440057
       1     735  0.000963975
       1     765 -1.45343e-05
       1     795  -0.00126941
       1     825  0.000384935
       1     855  0.000953847
       1     885 -0.000231155
       1     915 -0.000747183
       1     945  0.000104369
       1     975  0.000695520
       1    1005 -7.13035e-05
       1    1035 -0.000292690
       1    1065  0.000144692
       1    1095  0.000418671
       1    1125 -0.000641492
       1    1155 -0.000188115
       1    1185  6.50400e-05
       1    1215  0.000641105
       1    1245 -0.000658033
       1    1275 -0.000569249
       1    1305 -0.000222389
       1    1335  0.000480187
       1    1365 -0.000405247
       1    1395 -0.000194660
       1    1425  0.000248799
       1    1455  0.000245058
       1    1485 -0.000383134
       1    1515 -0.000298621
       1    1545  0.000583079
       1    1575  0.000394367
       1    1605 -0.000800862
       1    1635 -0.000551149
       1    1665  0.000742794
       1    1695 -9.60119e-05
       1    1725  -0.00139790
       1    1755 -0.000633293
       1    1785  0.000631541
       1    1815 -0.000170274
       1    1845 -0.000705744
       1    1875 -2.34408e-05
       1    1905  0.000520752
       1    1935 -0.000289348
       1    1965 -0.000427972
       1    1995  0.000276865
       1    2025  0.000598529
       1    2055 -0.000262259
       1    2085 -0.000353965
       1    2115  0.000246808
       1    2145  0.000232010
       1    2175 -0.000474786
       1    2205 -0.000411827
       1    2235  0.000123313
       1    2265 -2.09794e-05
       1    2295 -0.000507996
       1    2325 -0.000385493
       1    2355  0.000117022
       1    2385  2.90355e-05
       1    2415 -0.000253208
       1    2445 -5.99103e-05
       1    2475  0.000288910
       1    2505  0.000149939
       1    2535 -0.000247799
       1    2565 -4.62462e-05
       1    2595  0.000136194
       1    2625 -5.87145e-06
       1    2655 -0.000278676
       1    2685 -7.61316e-05
       1    2715  5.62908e-05
       1    2745 -8.76084e-05
       1    2775 -0.000267953
       1    2805 -5.80123e-05
       1    2835  4.50449e-05
       1    2865 -0.000131737
       1    2895 -0.000192109
       1    2925 -5.21104e-05
       1    2955  3.50262e-05
       1    2985 -0.000120940
       2      15   0.00476167
       2      45  -0.00422300
       2      75 -8.74816e-05
       2     105  0.000893561
       2     135 -0.000456383
       2     165  -0.00131335
       2     195  0.000962706
       2     225  0.000664842
       2     255 -0.000315196
       2     285  0.000804172
       2     315   0.00468397
       2     345   0.00495624
       2     375   0.00464773
       2     405   0.00719145
       2     435   0.00753101
       2     465   0.00289570
       2     495  0.000431981
       2     525  0.000166134
       2     555 -9.58212e-06
       2     585 -0.000649148
       2     615 -0.000427460
       2     645  0.000384368
       2     675  0.000222941
       2     705 -0.000108900
       2     735 -2.24099e-05
       2     765  0.000318288
       2     795 -9.23072e-05
       2     825 -0.000140912
       2     855 -7.11717e-05
       2     885  0.000163047
       2     915 -9.24946e-05
       2     945 -1.85417e-05
       2     975 -5.10384e-05
       2    1005  0.000171010
       2    1035 -9.73241e-07
       2    1065  9.51495e-06
       2    1095 -1.26606e-05
       2    1125  0.000102274
       2    1155 -2.22862e-05
       2    1185 -7.77086e-05
       2    1215 -5.77242e-06
       2    1245  0.000108496
       2    1275  5.06521e-05
       2    1305 -0.000137994
       2    1335 -1.58749e-05
       2    1365  4.22212e-05
       2    1395  1.31093e-05
       2    1425 -0.000154831
       2    1455  4.62527e-05
       2    1485  5.72334e-05
       2    1515 -6.90703e-06
       2    1545 -0.000212510
       2    1575  3.11443e-05
       2    1605  0.000140626
       2    1635 -5.80811e-06
       2    1665 -0.000206095
       2    1695  3.56201e-05
       2    1725  0.000215308
       2    1755  4.89344e-06
       2    1785 -0.000143267
       2    1815 -8.37864e-06
       2    1845  6.70496e-05
       2    1875 -4.87151e-05
       2    1905 -9.90167e-05
       2    1935  4.11921e-05
       2    1965  6.24368e-05
       2    1995 -2.89603e-05
       2    2025 -4.81985e-05
       2    2055  2.30157e-05
       2    2085  7.48377e-05
       2    2115 -3.39786e-05
       2    2145 -4.72713e-05
       2    2175 -3.95432e-06
       2    2205  5.64430e-05
       2    2235 -3.63810e-05
       2    2265 -4.42106e-05
       2    2295 -1.95190e-05
       2    2325  3.64247e-05
       2    2355 -3.61539e-05
       2    2385 -8.73731e-05
       2    2415  4.51828e-05
       2    2445  2.31417e-05
       2    2475 -2.30442e-05
       2    2505 -8.31536e-05
       2    2535  4.92953e-05
       2    2565  1.10215e-05
       2    2595 -2.29364e-05
       2    2625 -6.43403e-05
       2    2655  3.38635e-05
       2    2685  2.22523e-06
       2    2715 -5.59016e-05
       2    2745 -6.80399e-06
       2    2775  1.94289e-05
       2    2805 -1.20578e-06
       2    2835 -4.29344e-05
       2    2865  6.92021e-06
       2    2895  9.18787e-06
       2    2925 -4.17997e-06
       2    2955 -1.95707e-05
       2    2985  7.51307e-06
       3      15  -0.00135683
       3      45   0.00130198
       3      75 -0.000129607
       3     105 -0.000336044
       3     135  0.000170740
       3     165  0.000290842
       3     195 -0.000422163
       3     225 -8.74543e-05
       3     255  0.000291916
       3     285  6.94781e-05
       3     315 -0.000495596
       3     345  5.08412e-05
       3     375  0.000293506
       3     405  0.000536718
       3     435   0.00195880
       3     465   0.00392796
       3     495   0.00474461
       3     525   0.00622147
       3     555   0.00755019
       3     585   0.00528371
       3     615   0.00268382
       3     645  0.000706207
       3     675  1.30662e-05
       3     705 -0.000230953
       3     735 -0.000414828
       3     765 -0.000259915
       3     795  0.000169760
       3     825  7.29742e-05
       3     855 -5.77445e-06
       3     885  7.42548e-05
       3     915  0.000205042
       3     945  4.14618e-06
       3     975 -7.08424e-05
       3    1005 -4.38242e-05
       3    1035  3.07788e-05
       3    1065 -3.47728e-05
       3    1095 -9.19694e-06
       3    1125  4.51062e-05
       3    1155  2.06298e-05
       3    1185  8.79211e-06
       3    1215 -1.81921e-05
       3    1245  3.04882e-05
       3    1275  8.53960e-06
       3    1305  4.23525e-05
       3    1335 -1.99556e-05
       3    1365  1.57136e-05
       3    1395  3.06242e-06
       3    1425  2.85144e-05
       3    1455 -2.57203e-05
       3    1485  1.49214e-05
       3    1515  1.30525e-05
       3    1545  2.22659e-05
       3    1575 -2.58925e-05
       3    1605  2.65964e-05
       3    1635  2.22206e-05
       3    1665 -3.99423e-06
       3    1695  1.49558e-05
       3    1725  4.98983e-05
       3    1755  2.50094e-05
       3    1785 -1.63395e-05
       3    1815  1.89399e-05
       3    1845  2.67357e-05
       3    1875  2.64618e-06
       3    1905 -1.72877e-05
       3    1935  2.34906e-05
       3    1965  1.79653e-05
       3    1995 -2.11987e-05
       3    2025 -2.70573e-05
       3    2055  3.34505e-05
       3    2085  7.20969e-06
       3    2115 -2.21280e-05
       3    2145 -4.99291e-06
       3    2175  5.07581e-05
       3    2205  8.51427e-06
       3    2235 -1.83030e-05
       3    2265  1.52199e-05
       3    2295  5.35478e-05
       3    2325  5.64084e-06
       3    2355 -1.43239e-05
       3    2385  3.06846e-05
       3    2415  2.07872e-05
       3    2445 -1.03123e-05
       3    2475 -2.03765e-05
       3    2505  2.67082e-05
       3    2535  1.35977e-05
       3    2565 -8.71292e-06
       3    2595 -8.96373e-06
       3    2625  3.02352e-05
       3    2655  1.26371e-05
       3    2685 -5.20952e-06
       3    2715  8.59060e-06
       3    2745  1.60115e-05
       3    2775  1.19228e-05
       3    2805 -3.94972e-06
       3    2835  8.15334e-06
       3    2865  1.23546e-05
       3    2895  7.82982e-06
       3    2925 -2.07725e-06
       3    2955  3.83187e-06
       3    2985  8.77054e-06
       4      15 -0.000112442
       4      45  3.44424e-05
       4      75  4.86993e-05
       4     105  1.71019e-05
       4     135 -1.73630e-06
       4     165  6.10781e-05
       4     195  3.42670e-05
       4     225 -5.26333e-05
       4     255 -4.05605e-05
       4     285  6.58634e-05
       4     315  1.45276e-05
       4     345 -5.54604e-05
       4     375  4.48506e-05
       4     405  0.000112733
       4     435 -8.62608e-05
       4     465 -0.000157059
       4     495  8.06829e-06
       4     525  0.000108115
       4     555  0.000482235
       4     585   0.00165200
       4     615   0.00367018
       4     645   0.00681822
       4     675   0.00744880
       4     705   0.00627139
       4     735   0.00438773
       4     765   0.00224929
       4     795  0.000700171
       4     825  0.000112892
       4     855 -0.000172693
       4     885 -0.000478569
       4     915 -0.000309588
       4     945  4.66498e-05
       4     975  0.000192064
       4    1005  0.000110065
       4    1035  0.000105453
       4    1065  9.24883e-05
       4    1095  1.24976e-05
       4    1125 -5.59769e-05
       4    1155  1.63563e-05
       4    1185  1.67244e-05
       4    1215 -2.16032e-06
       4    1245 -3.71839e-05
       4    1275  2.30975e-05
       4    1305  3.32085e-05
       4    1335  1.56445e-05
       4    1365 -1.21270e-05
       4    1395  1.52400e-05
       4    1425  2.36285e-05
       4    1455 -4.43767e-06
       4    1485 -1.01772e-05
       4    1515  6.95520e-06
       4    1545  3.85468e-05
       4    1575 -1.04629e-05
       4    1605 -3.76921e-05
       4    1635  1.78442e-06
       4    1665  3.99211e-05
       4    1695 -3.41832e-05
       4    1725 -5.59025e-05
       4    1755  4.09147e-06
       4    1785  3.47585e-05
       4    1815 -1.91749e-05
       4    1845 -1.58565e-05
       4    1875  1.69884e-05
       4    1905  2.17790e-05
       4    1935 -2.53258e-05
       4    1965 -1.00655e-05
       4    1995  2.13728e-05
       4    2025  1.00622e-05
       4    2055 -2.33600e-05
       4    2085 -8.75178e-06
       4    2115  1.74954e-05
       4    2145  2.67847e-07
       4    2175 -2.42559e-05
       4    2205 -7.00556e-06
       4    2235  1.35512e-05
       4    2265 -1.04106e-05
       4    2295 -1.88251e-05
       4    2325 -3.12749e-06
       4    2355  9.49470e-06
       4    2385 -7.02258e-06
       4    2415 -1.54606e-05
       4    2445  5.07398e-06
       4    2475  7.23921e-06
       4    2505 -3.30776e-06
       4    2535 -1.16978e-05
       4    2565  4.18408e-06
       4    2595  2.74695e-06
       4    2625 -6.28101e-06
       4    2655 -8.30983e-06
       4    2685  3.22457e-06
       4    2715  1.37969e-06
       4    2745 -7.67392e-06
       4    2775 -6.01679e-06
       4    2805  1.79189e-06
       4    2835  7.34966e-07
       4    2865 -7.49767e-06
       4    2895 -2.96585e-06
       4    2925  9.72405e-07
       4    2955 -2.76715e-07
       4    2985 -5.24416e-06
       5      15  0.000308422
       5      45 -0.000294540
       5      75 -4.94637e-05
       5     105  4.80229e-05
       5     135 -2.32752e-05
       5     165 -0.000122356
       5     195  4.84221e-05
       5     225  8.30512e-05
       5     255 -8.46515e-06
       5     285 -7.25583e-05
       5     315  7.67243e-05
       5     345  3.66305e-05
       5     375 -6.33666e-05
       5     405 -4.59535e-05
       5     435  9.48662e-05
       5     465  1.96654e-05
       5     495 -4.63589e-05
       5     525  3.63756e-05
       5     555  0.000101583
       5     585 -7.65867e-05
       5     615 -0.000194702
       5     645 -0.000146142
       5     675  4.51998e-05
       5     705  0.000550875
       5     735   0.00190194
       5     765   0.00428735
       5     795   0.00560316
       5     825   0.00525998
       5     855   0.00553013
       5     885   0.00650210
       5     915   0.00448271
       5     945   0.00174588
       5     975 -0.000276402
       5    1005  -0.00115986
       5    1035  -0.00102887
       5    1065 -0.000438693
       5    1095 -6.83714e-06
       5    1125  0.000157944
       5    1155  0.000112597
       5    1185  0.000124075
       5    1215  0.000115349
       5    1245  5.16994e-05
       5    1275 -4.03089e-05
       5    1305 -3.49227e-05
       5    1335  3.63114e-06
       5    1365  3.21648e-06
       5    1395 -4.48107e-06
       5    1425  3.76364e-06
       5    1455  3.11469e-05
       5    1485  6.37490e-06
       5    1515  2.46062e-06
       5    1545 -8.97725e-06
       5    1575  3.05515e-05
       5    1605  8.86849e-06
       5    1635 -3.05614e-06
       5    1665 -9.85859e-06
       5    1695  3.34248e-05
       5    1725  1.55107e-05
       5    1755 -7.86842e-06
       5    1785 -8.32160e-06
       5    1815  1.52582e-05
       5    1845  1.22804e-06
       5    1875 -7.60327e-06
       5    1905 -1.07441e-06
       5    1935  1.23519e-05
       5    1965  8.62841e-07
       5    1995 -6.91999e-06
       5    2025  8.14266e-06
       5    2055  6.46235e-06
       5    2085  1.04297e-06
       5    2115 -4.69668e-06
       5    2145  6.60546e-06
       5    2175  3.41935e-06
       5    2205  9.40629e-08
       5    2235 -2.69280e-06
       5    2265  7.56062e-06
       5    2295 -1.12634e-06
       5    2325 -1.39328e-06
       5    2355 -8.52707e-07
       5    2385  1.08090e-06
       5    2415  2.60345e-06
       5    2445 -1.57876e-06
       5    2475  1.85709e-06
       5    2505 -1.23257e-06
       5    2535  2.29090e-06
       5    2565 -1.43043e-06
       5    2595  2.27203e-06
       5    2625 -1.10240e-06
       5    2655  5.48874e-07
       5    2685 -8.99745e-07
       5    2715 -8.41270e-07
       5    2745  1.33500e-06
       5    2775 -1.04154e-07
       5    2805 -1.64628e-07
       5    2835 -9.69667e-07
       5    2865  1.59740e-06
       5    2895 -5.81087e-07
       5    2925  5.54335e-08
       5    2955 -1.33361e-07
       5    2985  1.00396e-06
       6      15 -0.000207734
       6      45  3.13411e-05
       6      75 -1.31813e-05
       6     105 -1.10673e-05
       6     135  4.57173e-06
       6     165 -2.70985e-06
       6     195 -1.83421e-05
       6     225 -9.79808e-07
       6     255  7.49103e-06
       6     285  1.09914e-06
       6     315 -1.31087e-05
       6     345  1.04421e-05
       6     375  1.42426e-05
       6     405 -2.43259e-06
       6     435 -7.35372e-06
       6     465  1.39765e-05
       6     495  1.02176e-05
       6     525 -8.34621e-06
       6     555  9.54447e-07
       6     585  2.18496e-05
       6     615  1.64651e-05
       6     645  4.43833e-06
       6     675  2.58199e-05
       6     705  2.73922e-05
       6     735 -1.61110e-05
       6     765 -7.04479e-05
       6     795 -3.51617e-05
       6     825  5.25408e-05
       6     855  0.000315375
       6     885   0.00144982
       6     915   0.00343291
       6     945   0.00537958
       6     975   0.00722391
       6    1005   0.00766556
       6    1035   0.00513765
       6    1065   0.00214341
       6    1095  0.000605334
       6    1125  1.33702e-06
       6    1155 -0.000164091
       6    1185 -0.000186445
       6    1215 -0.000105633
       6    1245  2.51851e-05
       6    1275  8.95522e-05
       6    1305  7.44930e-05
       6    1335  5.66730e-05
       6    1365  4.78538e-05
       6    1395  2.58279e-05
       6    1425  5.98290e-06
       6    1455  1.60248e-06
       6    1485  1.33624e-05
       6    1515  1.18476e-05
       6    1545  1.08509e-05
       6    1575  1.23473e-05
       6    1605  2.21983e-05
       6    1635  1.64053e-05
       6    1665  1.08297e-05
       6    1695  1.14282e-05
       6    1725  1.83072e-05
       6    1755  1.34372e-05
       6    1785  7.87187e-06
       6    1815  8.80434e-06
       6    1845  1.14406e-05
       6    1875  7.95742e-06
       6    1905  4.90000e-06
       6    1935  7.10947e-06
       6    1965  7.46777e-06
       6    1995  5.20261e-06
       6    2025  2.07545e-06
       6    2055  5.86948e-06
       6    2085  5.24644e-06
       6    2115  3.31233e-06
       6    2145  2.22161e-06
       6    2175  5.10116e-06
       6    2205  3.92201e-06
       6    2235  2.18394e-06
       6    2265  1.99031e-06
       6    2295  4.55613e-06
       6    2325  3.21093e-06
       6    2355  1.74219e-06
       6    2385  2.46192e-06
       6    2415  3.42295e-06
       6    2445  2.12465e-06
       6    2475  1.02199e-06
       6    2505  2.12109e-06
       6    2535  2.58997e-06
       6    2565  1.49299e-06
       6    2595  6.92204e-07
       6    2625  1.82854e-06
       6    2655  1.95280e-06
       6    2685  9.91444e-07
       6    2715  7.41898e-07
       6    2745  1.22262e-06
       6    2775  1.37091e-06
       6    2805  4.90038e-07
       6    2835  4.97244e-07
       6    2865  8.57059e-07
       6    2895  8.20399e-07
       6    2925  2.98826e-07
       6    2955  2.95819e-07
       6    2985  6.04727e-07
       7      15 -0.000210841
       7      45  1.05796e-05
       7      75 -1.54249e-05
       7     105 -5.66832e-06
       7     135  3.77014e-06
       7     165 -9.10136e-06
       7     195 -1.03853e-05
       7     225  6.68931e-06
       7     255  4.20327e-06
       7     285 -6.47976e-06
       7     315 -4.62596e-06
       7     345  3.18020e-06
       7     375  1.61029e-06
       7     405 -2.65542e-06
       7     435  2.11160e-06
       7     465  3.35595e-06
       7     495  3.75456e-06
       7     525  4.22064e-06
       7     555  2.16117e-06
       7     585 -1.00561e-06
       7     615  7.68932e-06
       7     645  4.12164e-06
       7     675 -1.49958e-06
       7     705  6.72823e-06
       7     735  2.68111e-05
       7     765  2.67827e-05
       7     795  3.01159e-05
       7     825  3.87621e-05
       7     855  8.88503e-06
       7     885 -0.000135288
       7     915 -0.000291499
       7     945 -0.000309645
       7     975 -8.72847e-05
       7    1005  0.000977577
       7    1035   0.00287432
       7    1065   0.00429892
       7    1095   0.00567591
       7    1125   0.00630151
       7    1155   0.00585274
       7    1185   0.00484546
       7    1215   0.00311258
       7    1245   0.00118228
       7    1275 -0.000101895
       7    1305 -0.000493944
       7    1335 -0.000567665
       7    1365 -0.000334737
       7    1395 -2.35142e-05
       7    1425  0.000120970
       7    1455  0.000131466
       7    1485  0.000109332
       7    1515  8.92953e-05
       7    1545  4.21891e-05
       7    1575 -1.27991e-05
       7    1605 -2.35143e-05
       7    1635  8.42836e-06
       7    1665  1.60723e-05
       7    1695  2.75964e-07
       7    1725  4.98739e-06
       7    1755  2.39891e-05
       7    1785  1.89966e-05
       7    1815  5.25696e-06
       7    1845  7.52543e-06
       7    1875  1.30361e-05
       7    1905  1.00766e-05
       7    1935  1.19907e-06
       7    1965  5.85111e-06
       7    1995  8.33936e-06
       7    2025  5.71896e-06
       7    2055 -1.93821e-08
       7    2085  3.54655e-06
       7    2115  6.35667e-06
       7    2145  3.61246e-06
       7    2175  1.88038e-07
       7    2205  2.94159e-06
       7    2235  4.53252e-06
       7    2265  1.97527e-06
       7    2295  2.76089e-07
       7    2325  2.13189e-06
       7    2355  3.11700e-06
       7    2385  1.83208e-06
       7    2415 -1.83065e-07
       7    2445  2.33709e-06
       7    2475  2.64106e-06
       7    2505  1.59454e-06
       7    2535 -7.10433e-08
       7    2565  1.58263e-06
       7    2595  1.55674e-06
       7    2625  5.31626e-07
       7    2655 -1.00070e-07
       7    2685  1.00779e-06
       7    2715  1.09505e-06
       7    2745 -2.57435e-07
       7    2775 -2.50474e-07
       7    2805  6.22329e-07
       7    2835  6.68522e-07
       7    2865 -5.36183e-07
       7    2895 -4.82297e-08
       7    2925  3.80851e-07
       7    2955  2.76210e-07
       7    2985 -4.09401e-07
       8      15 -0.000364562
       8      45  2.11227e-05
       8      75 -1.27774e-05
       8     105 -8.43841e-06
       8     135  3.94050e-06
       8     165 -5.44975e-06
       8     195 -1.23559e-05
       8     225  4.99967e-06
       8     255  6.64257e-06
       8     285 -4.83490e-06
       8     315 -5.35391e-06
       8     345  8.24776e-06
       8     375  2.97021e-06
       8     405 -6.17773e-06
       8     435 -1.57418e-07
       8     465  6.33721e-06
       8     495 -7.46292e-07
       8     525 -4.02282e-06
       8     555  4.14346e-06
       8     585  4.89061e-06
       8     615 -6.82435e-07
       8     645  2.96168e-07
       8     675  8.34842e-06
       8     705  3.36623e-06
       8     735 -6.90416e-07
       8     765  3.58811e-06
       8     795  6.86898e-06
       8     825  9.16851e-07
       8     855  3.91144e-06
       8     885  1.86633e-05
       8     915  2.95017e-05
       8     945  3.75401e-05
       8     975  5.25750e-05
       8    1005  3.22857e-05
       8    1035 -4.26634e-05
       8    1065 -8.95977e-05
       8    1095 -7.58752e-05
       8    1125  4.75163e-05
       8    1155  0.000426010
       8    1185   0.00155828
       8    1215   0.00409130
       8    1245   0.00664247
       8    1275   0.00694467
       8    1305   0.00597331
       8    1335   0.00475086
       8    1365   0.00261156
       8    1395  0.000815641
       8    1425 -7.19106e-07
       8    1455 -0.000282839
       8    1485 -0.000306903
       8    1515 -0.000160660
       8    1545  2.31501e-06
       8    1575  9.69433e-05
       8    1605  9.93677e-05
       8    1635  7.37195e-05
       8    1665  5.91680e-05
       8    1695  3.54058e-05
       8    1725  1.07141e-05
       8    1755  7.23302e-06
       8    1785  1.56333e-05
       8    1815  1.63566e-05
       8    1845  1.15911e-05
       8    1875  1.26282e-05
       8    1905  1.54748e-05
       8    1935  1.30198e-05
       8    1965  7.83719e-06
       8    1995  8.98879e-06
       8    2025  1.07892e-05
       8    2055  9.03499e-06
       8    2085  6.06842e-06
       8    2115  6.97026e-06
       8    2145  7.48199e-06
       8    2175  5.79878e-06
       8    2205  4.33933e-06
       8    2235  5.17429e-06
       8    2265  5.90031e-06
       8    2295  4.25367e-06
       8    2325  3.14727e-06
       8    2355  4.09107e-06
       8    2385  4.67703e-06
       8    2415  3.47861e-06
       8    2445  2.62200e-06
       8    2475  3.22533e-06
       8    2505  3.33713e-06
       8    2535  2.29227e-06
       8    2565  1.74177e-06
       8    2595  2.18025e-06
       8    2625  2.24245e-06
       8    2655  1.31825e-06
       8    2685  1.14453e-06
       8    2715  1.40999e-06
       8    2745  1.41585e-06
       8    2775  8.02503e-07
       8    2805  6.92598e-07
       8    2835  8.01939e-07
       8    2865  7.57402e-07
       8    2895  3.72938e-07
       8    2925  4.49326e-07
       8    2955  7.29882e-07
       8    2985  6.31656e-07
       9      15 -0.000480704
       9      45  4.22712e-06
       9      75 -1.52312e-05
       9     105 -6.31279e-06
       9     135  1.69375e-06
       9     165 -1.42895e-05
       9     195 -1.20565e-05
       9     225  6.96998e-06
       9     255  3.50598e-06
       9     285 -1.00053e-05
       9     315 -4.14173e-06
       9     345  1.05919e-05
       9     375  1.92445e-06
       9     405 -1.03248e-05
       9     435  2.35604e-06
       9     465  8.62169e-06
       9     495 -2.58457e-06
       9     525 -7.76877e-06
       9     555  5.69791e-06
       9     585  5.45800e-06
       9     615 -2.82440e-06
       9     645 -3.46750e-06
       9     675  8.71877e-06
       9     705  4.53922e-06
       9     735 -2.66126e-06
       9     765  2.91610e-07
       9     795  9.67430e-06
       9     825  3.75162e-06
       9     855 -3.14386e-06
       9     885  4.29239e-06
       9     915  1.22379e-05
       9     945  4.70978e-06
       9     975  2.74459e-06
       9    1005  2.24790e-05
       9    1035  3.48763e-05
       9    1065  2.66875e-05
       9    1095  3.24917e-05
       9    1125  4.57076e-05
       9    1155  3.18493e-06
       9    1185 -0.000106254
       9    1215 -0.000283808
       9    1245 -0.000334915
       9    1275 -2.91238e-05
       9    1305  0.000860949
       9    1335   0.00274774
       9    1365   0.00480961
       9    1395   0.00573503
       9    1425   0.00592986
       9    1455   0.00595619
       9    1485   0.00497115
       9    1515   0.00288223
       9    1545   0.00100505
       9    1575 -9.08063e-05
       9    1605 -0.000427589
       9    1635 -0.000365914
       9    1665 -0.000197714
       9    1695  2.41585e-06
       9    1725  0.000113001
       9    1755  0.000108452
       9    1785  6.94195e-05
       9    1815  4.85780e-05
       9    1845  3.17490e-05
       9    1875  1.19186e-05
       9    1905  5.59460e-06
       9    1935  1.10892e-05
       9    1965  1.38754e-05
       9    1995  9.44117e-06
       9    2025  9.20917e-06
       9    2055  1.31922e-05
       9    2085  1.13541e-05
       9    2115  7.94231e-06
       9    2145  8.52238e-06
       9    2175  1.02665e-05
       9    2205  8.23232e-06
       9    2235  6.11199e-06
       9    2265  6.76805e-06
       9    2295  8.01846e-06
       9    2325  6.08322e-06
       9    2355  4.50521e-06
       9    2385  5.33500e-06
       9    2415  5.84392e-06
       9    2445  4.27081e-06
       9    2475  3.50297e-06
       9    2505  4.04760e-06
       9    2535  4.18281e-06
       9    2565  2.78648e-06
       9    2595  2.32149e-06
       9    2625  2.71469e-06
       9    2655  2.66715e-06
       9    2685  1.64866e-06
       9    2715  1.42449e-06
       9    2745  1.67484e-06
       9    2775  1.58220e-06
       9    2805  1.00948e-06
       9    2835  1.59345e-06
       9    2865  1.96409e-06
       9    2895  1.26323e-06
       9    2925  6.90300e-07
       9    2955  1.03758e-06
       9    2985  1.42407e-06
      10      15 -0.000656366
      10      45  4.70910e-05
      10      75 -1.74767e-05
      10     105 -1.60650e-05
      10     135  7.57608e-06
      10     165 -2.89522e-06
      10     195 -2.32123e-05
      10     225  4.00391e-06
      10     255  1.03533e-05
      10     285 -8.09139e-06
      10     315 -1.28989e-05
      10     345  1.21338e-05
      10     375  5.58361e-06
      10     405 -1.29025e-05
      10     435 -1.80284e-06
      10     465  1.18483e-05
      10     495 -1.06814e-06
      10     525 -9.88428e-06
      10     555  5.07137e-06
      10     585  6.34101e-06
      10     615 -2.68830e-06
      10     645 -6.18314e-06
      10     675  8.33659e-06
      10     705  3.66357e-06
      10     735 -2.88807e-06
      10     765 -1.88302e-06
      10     795  7.58090e-06
      10     825  2.16685e-06
      10     855 -1.76455e-06
      10     885  2.69000e-06
      10     915  9.46617e-06
      10     945  8.61149e-06
      10     975  7.17363e-06
      10    1005  1.10915e-05
      10    1035  1.15445e-05
      10    1065  6.75129e-06
      10    1095  1.05971e-06
      10    1125  7.08732e-06
      10    1155  1.30450e-05
      10    1185  2.34154e-05
      10    1215  3.93734e-05
      10    1245  7.04611e-05
      10    1275  6.78389e-05
      10    1305  1.50913e-05
      10    1335 -0.000100586
      10    1365 -0.000185855
      10    1395 -0.000159367
      10    1425  4.81967e-05
      10    1455  0.000648579
      10    1485   0.00205390
      10    1515   0.00387006
      10    1545   0.00574962
      10    1575   0.00725470
      10    1605   0.00665160
      10    1635   0.00457575
      10    1665   0.00255193
      10    1695  0.000818689
      10    1725 -1.19501e-05
      10    1755 -0.000214037
      10    1785 -0.000194324
      10    1815 -0.000105089
      10    1845  6.66602e-06
      10    1875  5.97808e-05
      10    1905  6.45892e-05
      10    1935  5.28346e-05
      10    1965  3.84988e-05
      10    1995  2.62950e-05
      10    2025  1.62290e-05
      10    2055  1.30577e-05
      10    2085  1.31890e-05
      10    2115  1.21581e-05
      10    2145  8.90650e-06
      10    2175  8.87408e-06
      10    2205  9.70068e-06
      10    2235  8.24007e-06
      10    2265  6.64716e-06
      10    2295  6.47246e-06
      10    2325  6.77222e-06
      10    2355  6.36509e-06
      10    2385  6.38837e-06
      10    2415  6.02618e-06
      10    2445  5.97216e-06
      10    2475  5.33811e-06
      10    2505  5.20597e-06
      10    2535  4.63447e-06
      10    2565  3.98177e-06
      10    2595  3.45868e-06
      10    2625  3.53269e-06
      10    2655  2.96853e-06
      10    2685  2.64744e-06
      10    2715  2.77229e-06
      10    2745  3.00486e-06
      10    2775  2.39629e-06
      10    2805  1.63770e-06
      10    2835  1.47270e-06
      10    2865  1.43138e-06
      10    2895  1.43583e-06
      10    2925  1.16785e-06
      10    2955  9.25812e-07
      10    2985  7.56974e-07
      11      15 -0.000941793
      11      45  9.37525e-05
      11      75 -2.07661e-05
      11     105 -2.64997e-05
      11     135  1.42382e-05
      11     165  8.82285e-06
      11     195 -3.57445e-05
      11     225  1.47114e-06
      11     255  1.92845e-05
      11     285 -5.33685e-06
      11     315 -2.21193e-05
      11     345  1.61077e-05
      11     375  1.12136e-05
      11     405 -1.57746e-05
      11     435 -6.20073e-06
      11     465  1.54060e-05
      11     495  1.67314e-07
      11     525 -1.43078e-05
      11     555  4.55809e-06
      11     585  8.56854e-06
      11     615 -2.89772e-06
      11     645 -9.52499e-06
      11     675  1.09504e-05
      11     705  3.58313e-06
      11     735 -4.36444e-06
      11     765 -3.22721e-06
      11     795  9.97023e-06
      11     825  5.10262e-07
      11     855 -2.92926e-06
      11     885  2.11732e-06
      11     915  9.69293e-06
      11     945  3.55365e-06
      11     975  4.00999e-06
      11    1005  1.08304e-05
      11    1035  1.05758e-05
      11    1065  3.31933e-06
      11    1095  4.52049e-06
      11    1125  1.04062e-05
      11    1155  5.85472e-06
      11    1185  6.62124e-06
      11    1215  8.91073e-06
      11    1245  1.56973e-05
      11    1275  1.27107e-05
      11    1305  2.49988e-05
      11    1335  4.00927e-05
      11    1365  5.39933e-05
      11    1395  5.49672e-05
      11    1425  5.34522e-05
      11    1455  7.18433e-06
      11    1485 -9.67899e-05
      11    1515 -0.000189948
      11    1545 -0.000199234
      11    1575  2.95664e-05
      11    1605  0.000859125
      11    1635   0.00234976
      11    1665   0.00506997
      11    1695   0.00717118
      11    1725   0.00701593
      11    1755   0.00545296
      11    1785   0.00363543
      11    1815   0.00201705
      11    1845  0.000678926
      11    1875  5.91545e-05
      11    1905 -0.000128850
      11    1935 -0.000159929
      11    1965 -7.90422e-05
      11    1995 -3.48879e-06
      11    2025  3.20323e-05
      11    2055  3.83751e-05
      11    2085  3.10867e-05
      11    2115  3.17445e-05
      11    2145  3.21143e-05
      11    2175  2.80506e-05
      11    2205  2.22743e-05
      11    2235  2.12492e-05
      11    2265  2.13401e-05
      11    2295  1.88654e-05
      11    2325  1.48775e-05
      11    2355  1.41302e-05
      11    2385  1.33573e-05
      11    2415  9.87017e-06
      11    2445  7.49722e-06
      11    2475  7.41333e-06
      11    2505  7.44092e-06
      11    2535  5.86794e-06
      11    2565  4.79938e-06
      11    2595  5.01417e-06
      11    2625  5.63870e-06
      11    2655  4.37348e-06
      11    2685  3.47009e-06
      11    2715  3.18159e-06
      11    2745  2.98000e-06
      11    2775  2.45371e-06
      11    2805  2.10471e-06
      11    2835  2.06870e-06
      11    2865  1.71126e-06
      11    2895  1.25492e-06
      11    2925  1.14656e-06
      11    2955  1.19524e-06
      11    2985  1.09344e-06
      12      15  -0.00103089
      12      45  9.17579e-05
      12      75 -2.60413e-05
      12     105 -2.80563e-05
      12     135  1.46978e-05
      12     165  3.28872e-06
      12     195 -3.87595e-05
      12     225  5.51743e-06
      12     255  2.15698e-05
      12     285 -9.55002e-06
      12     315 -2.13274e-05
      12     345  2.18994e-05
      12     375  1.08818e-05
      12     405 -2.08188e-05
      12     435 -2.85496e-06
      12     465  1.89615e-05
      12     495 -3.42737e-06
      12     525 -1.83134e-05
      12     555  8.70108e-06
      12     585  9.47756e-06
      12     615 -7.45865e-06
      12     645 -1.05713e-05
      12     675  1.63183e-05
      12     705  3.00710e-06
      12     735 -8.22002e-06
      12     765 -1.51672e-06
      12     795  1.33409e-05
      12     825 -1.97838e-06
      12     855 -6.11225e-06
      12     885  4.02434e-06
      12     915  1.05627e-05
      12     945 -1.45513e-07
      12     975  3.71439e-07
      12    1005  1.28508e-05
      12    1035  1.02418e-05
      12    1065  3.90081e-08
      12    1095  1.69298e-06
      12    1125  1.32018e-05
      12    1155  5.54264e-06
      12    1185  3.40658e-06
      12    1215  9.26817e-06
      12    1245  2.40031e-05
      12    1275  1.32300e-05
      12    1305  1.18545e-05
      12    1335  1.59849e-05
      12    1365  1.67850e-05
      12    1395  9.99971e-07
      12    1425  8.19948e-06
      12    1455  3.11294e-05
      12    1485  5.53592e-05
      12    1515  7.57634e-05
      12    1545  0.000113360
      12    1575  0.000121237
      12    1605 -1.03872e-06
      12    1635 -0.000208981
      12    1665 -0.000488839
      12    1695 -0.000563898
      12    1725 -0.000106301
      12    1755   0.00109814
      12    1785   0.00340288
      12    1815   0.00586757
      12    1845   0.00645888
      12    1875   0.00583800
      12    1905   0.00557552
      12    1935   0.00457990
      12    1965   0.00244075
      12    1995  0.000905513
      12    2025  0.000224271
      12    2055 -3.66426e-05
      12    2085 -0.000117104
      12    2115 -0.000149595
      12    2145 -0.000165640
      12    2175 -0.000162028
      12    2205 -0.000134267
      12    2235 -0.000121317
      12    2265 -0.000123167
      12    2295 -0.000113274
      12    2325 -8.46157e-05
      12    2355 -6.58063e-05
      12    2385 -4.73597e-05
      12    2415 -2.05638e-05
      12    2445 -3.04590e-06
      12    2475  5.34416e-06
      12    2505  1.08851e-05
      12    2535  1.09910e-05
      12    2565  7.82180e-06
      12    2595  7.17858e-06
      12    2625  7.81945e-06
      12    2655  6.54942e-06
      12    2685  4.93200e-06
      12    2715  4.84204e-06
      12    2745  5.01313e-06
      12    2775  4.07993e-06
      12    2805  2.81003e-06
      12    2835  2.86347e-06
      12    2865  3.00326e-06
      12    2895  2.39565e-06
      12    2925  1.74771e-06
      12    2955  1.71399e-06
      12    2985  1.67778e-06
      13      15  -0.00142562
      13      45  0.000163061
      13      75 -3.68464e-05
      13     105 -4.73448e-05
      13     135  2.43315e-05
      13     165  1.43855e-05
      13     195 -6.40131e-05
      13     225  1.90046e-06
      13     255  3.42175e-05
      13     285 -9.58814e-06
      13     315 -3.95948e-05
      13     345  3.06471e-05
      13     375  2.06589e-05
      13     405 -3.02366e-05
      13     435 -9.99488e-06
      13     465  3.05429e-05
      13     495 -9.31921e-07
      13     525 -2.87615e-05
      13     555  1.00822e-05
      13     585  1.68034e-05
      13     615 -8.56664e-06
      13     645 -1.96979e-05
      13     675  2.21587e-05
      13     705  7.14162e-06
      13     735 -1.17910e-05
      13     765 -6.88887e-06
      13     795  2.01732e-05
      13     825 -2.69907e-07
      13     855 -9.88291e-06
      13     885  2.33282e-06
      13     915  1.57284e-05
      13     945  6.61591e-07
      13     975 -2.72606e-06
      13    1005  1.22623e-05
      13    1035  1.36567e-05
      13    1065  4.99401e-07
      13    1095 -1.58769e-06
      13    1125  1.44100e-05
      13    1155  8.50294e-06
      13    1185  5.14302e-06
      13    1215  6.84828e-06
      13    1245  2.59323e-05
      13    1275  1.77335e-05
      13    1305  1.63788e-05
      13    1335  1.74188e-05
      13    1365  2.68565e-05
      13    1395  1.71228e-05
      13    1425  1.63801e-05
      13    1455  2.06970e-05
      13    1485  2.87822e-05
      13    1515  2.40780e-05
      13    1545  2.66798e-05
      13    1575  4.08793e-05
      13    1605  5.20894e-05
      13    1635  5.74481e-05
      13    1665  8.05829e-05
      13    1695  0.000108384
      13    1725  9.48083e-05
      13    1755  3.70219e-05
      13    1785 -5.87616e-05
      13    1815 -0.000120334
      13    1845 -8.16962e-05
      13    1875  9.93485e-05
      13    1905  0.000567123
      13    1935   0.00141768
      13    1965   0.00221696
      13    1995   0.00268684
      13    2025   0.00319620
      13    2055   0.00345910
      13    2085   0.00280026
      13    2115   0.00250116
      13    2145   0.00248763
      13    2175   0.00242589
      13    2205   0.00194212
      13    2235   0.00165796
      13    2265   0.00167055
      13    2295   0.00155916
      13    2325   0.00115453
      13    2355  0.000910458
      13    2385  0.000737032
      13    2415  0.000419463
      13    2445  0.000164990
      13    2475  6.29947e-05
      13    2505  2.24578e-05
      13    2535  7.12658e-06
      13    2565  2.25866e-06
      13    2595 -1.45284e-07
      13    2625 -1.76598e-06
      13    2655 -1.23588e-06
      13    2685 -8.43184e-07
      13    2715 -1.22840e-06
      13    2745 -1.41359e-06
      13    2775 -8.01183e-07
      13    2805 -2.96273e-07
      13    2835 -4.41617e-07
      13    2865 -5.22727e-07
      13    2895 -1.24408e-07
      13    2925  1.88334e-07
      13    2955  3.91534e-07
      13    2985  7.54066e-07
      14      15  -0.00241003
      14      45  0.000403487
      14      75 -8.84757e-05
      14     105 -0.000117530
      14     135  6.02534e-05
      14     165  3.84256e-05
      14     195 -0.000160608
      14     225  4.11665e-06
      14     255  9.24802e-05
      14     285 -1.66992e-05
      14     315 -9.93779e-05
      14     345  8.64130e-05
      14     375  6.10805e-05
      14     405 -7.86678e-05
      14     435 -2.65628e-05
      14     465  8.49199e-05
      14     495 -3.54777e-06
      14     525 -8.60299e-05
      14     555  2.49646e-05
      14     585  4.77758e-05
      14     615 -2.71926e-05
      14     645 -5.72683e-05
      14     675  6.68966e-05
      14     705  2.40859e-05
      14     735 -3.81935e-05
      14     765 -2.08279e-05
      14     795  6.02348e-05
      14     825 -4.09876e-06
      14     855 -3.57922e-05
      14     885  3.47265e-06
      14     915  3.97556e-05
      14     945 -1.46553e-05
      14     975 -2.76925e-05
      14    1005  2.02988e-05
      14    1035  2.49495e-05
      14    1065 -1.31628e-05
      14    1095 -1.49925e-05
      14    1125  3.46707e-05
      14    1155  1.32006e-05
      14    1185 -3.86004e-06
      14    1215 -3.23357e-06
      14    1245  4.10227e-05
      14    1275  1.19114e-05
      14    1305  6.43548e-06
      14    1335  1.17198e-05
      14    1365  3.46352e-05
      14    1395  5.18428e-06
      14    1425  5.02948e-06
      14    1455  1.95570e-05
      14    1485  3.33428e-05
      14    1515  1.53807e-05
      14    1545  2.14283e-05
      14    1575  4.56176e-05
      14    1605  4.56211e-05
      14    1635  2.81695e-05
      14    1665  2.91827e-05
      14    1695  4.78672e-05
      14    1725  4.24750e-05
      14    1755  4.02562e-05
      14    1785  5.57022e-05
      14    1815  8.89735e-05
      14    1845  7.20440e-05
      14    1875  4.31787e-05
      14    1905 -5.78134e-07
      14    1935 -7.06961e-05
      14    1965 -0.000172075
      14    1995 -0.000230328
      14    2025 -0.000273860
      14    2055 -0.000282628
      14    2085 -0.000229672
      14    2115 -0.000199872
      14    2145 -0.000174959
      14    2175 -0.000146794
      14    2205 -0.000109258
      14    2235 -7.00581e-05
      14    2265  4.83771e-07
      14    2295  0.000123854
      14    2325  0.000346820
      14    2355  0.000907083
      14    2385   0.00215830
      14    2415   0.00301398
      14    2445   0.00318973
      14    2475   0.00332352
      14    2505   0.00369402
      14    2535   0.00314310
      14    2565   0.00235080
      14    2595   0.00213097
      14    2625   0.00225810
      14    2655   0.00178464
      14    2685   0.00134688
      14    2715   0.00125143
      14    2745   0.00123276
      14    2775  0.000973365
      14    2805  0.000699252
      14    2835  0.000680252
      14    2865  0.000632966
      14    2895  0.000477500
      14    2925  0.000348337
      14    2955  0.000302529
      14    2985  0.000224160
