   9      15 -0.000480704
       9      45  4.22712e-06
       9      75 -1.52312e-05
       9     105 -6.31279e-06
       9     135  1.69375e-06
       9     165 -1.42895e-05
       9     195 -1.20565e-05
       9     225  6.96998e-06
       9     255  3.50598e-06
       9     285 -1.00053e-05
       9     315 -4.14173e-06
       9     345  1.05919e-05
       9     375  1.92445e-06
       9     405 -1.03248e-05
       9     435  2.35604e-06
       9     465  8.62169e-06
       9     495 -2.58457e-06
       9     525 -7.76877e-06
       9     555  5.69791e-06
       9     585  5.45800e-06
       9     615 -2.82440e-06
       9     645 -3.46750e-06
       9     675  8.71877e-06
       9     705  4.53922e-06
       9     735 -2.66126e-06
       9     765  2.91610e-07
       9     795  9.67430e-06
       9     825  3.75162e-06
       9     855 -3.14386e-06
       9     885  4.29239e-06
       9     915  1.22379e-05
       9     945  4.70978e-06
       9     975  2.74459e-06
       9    1005  2.24790e-05
       9    1035  3.48763e-05
       9    1065  2.66875e-05
       9    1095  3.24917e-05
       9    1125  4.57076e-05
       9    1155  3.18493e-06
       9    1185 -0.000106254
       9    1215 -0.000283808
       9    1245 -0.000334915
       9    1275 -2.91238e-05
       9    1305  0.000860949
       9    1335   0.00274774
       9    1365   0.00480961
       9    1395   0.00573503
       9    1425   0.00592986
       9    1455   0.00595619
       9    1485   0.00497115
       9    1515   0.00288223
       9    1545   0.00100505
       9    1575 -9.08063e-05
       9    1605 -0.000427589
       9    1635 -0.000365914
       9    1665 -0.000197714
       9    1695  2.41585e-06
       9    1725  0.000113001
       9    1755  0.000108452
       9    1785  6.94195e-05
       9    1815  4.85780e-05
       9    1845  3.17490e-05
       9    1875  1.19186e-05
       9    1905  5.59460e-06
       9    1935  1.10892e-05
       9    1965  1.38754e-05
       9    1995  9.44117e-06
       9    2025  9.20917e-06
       9    2055  1.31922e-05
       9    2085  1.13541e-05
       9    2115  7.94231e-06
       9    2145  8.52238e-06
       9    2175  1.02665e-05
       9    2205  8.23232e-06
       9    2235  6.11199e-06
       9    2265  6.76805e-06
       9    2295  8.01846e-06
       9    2325  6.08322e-06
       9    2355  4.50521e-06
       9    2385  5.33500e-06
       9    2415  5.84392e-06
       9    2445  4.27081e-06
       9    2475  3.50297e-06
       9    2505  4.04760e-06
       9    2535  4.18281e-06
       9    2565  2.78648e-06
       9    2595  2.32149e-06
       9    2625  2.71469e-06
       9    2655  2.66715e-06
       9    2685  1.64866e-06
       9    2715  1.42449e-06
       9    2745  1.67484e-06
       9    2775  1.58220e-06
       9    2805  1.00948e-06
       9    2835  1.59345e-06
       9    2865  1.96409e-06
       9    2895  1.26323e-06
       9    2925  6.90300e-07
       9    2955  1.03758e-06
       9    2985  1.42407e-06