 8      15 -0.000364562
       8      45  2.11227e-05
       8      75 -1.27774e-05
       8     105 -8.43841e-06
       8     135  3.94050e-06
       8     165 -5.44975e-06
       8     195 -1.23559e-05
       8     225  4.99967e-06
       8     255  6.64257e-06
       8     285 -4.83490e-06
       8     315 -5.35391e-06
       8     345  8.24776e-06
       8     375  2.97021e-06
       8     405 -6.17773e-06
       8     435 -1.57418e-07
       8     465  6.33721e-06
       8     495 -7.46292e-07
       8     525 -4.02282e-06
       8     555  4.14346e-06
       8     585  4.89061e-06
       8     615 -6.82435e-07
       8     645  2.96168e-07
       8     675  8.34842e-06
       8     705  3.36623e-06
       8     735 -6.90416e-07
       8     765  3.58811e-06
       8     795  6.86898e-06
       8     825  9.16851e-07
       8     855  3.91144e-06
       8     885  1.86633e-05
       8     915  2.95017e-05
       8     945  3.75401e-05
       8     975  5.25750e-05
       8    1005  3.22857e-05
       8    1035 -4.26634e-05
       8    1065 -8.95977e-05
       8    1095 -7.58752e-05
       8    1125  4.75163e-05
       8    1155  0.000426010
       8    1185   0.00155828
       8    1215   0.00409130
       8    1245   0.00664247
       8    1275   0.00694467
       8    1305   0.00597331
       8    1335   0.00475086
       8    1365   0.00261156
       8    1395  0.000815641
       8    1425 -7.19106e-07
       8    1455 -0.000282839
       8    1485 -0.000306903
       8    1515 -0.000160660
       8    1545  2.31501e-06
       8    1575  9.69433e-05
       8    1605  9.93677e-05
       8    1635  7.37195e-05
       8    1665  5.91680e-05
       8    1695  3.54058e-05
       8    1725  1.07141e-05
       8    1755  7.23302e-06
       8    1785  1.56333e-05
       8    1815  1.63566e-05
       8    1845  1.15911e-05
       8    1875  1.26282e-05
       8    1905  1.54748e-05
       8    1935  1.30198e-05
       8    1965  7.83719e-06
       8    1995  8.98879e-06
       8    2025  1.07892e-05
       8    2055  9.03499e-06
       8    2085  6.06842e-06
       8    2115  6.97026e-06
       8    2145  7.48199e-06
       8    2175  5.79878e-06
       8    2205  4.33933e-06
       8    2235  5.17429e-06
       8    2265  5.90031e-06
       8    2295  4.25367e-06
       8    2325  3.14727e-06
       8    2355  4.09107e-06
       8    2385  4.67703e-06
       8    2415  3.47861e-06
       8    2445  2.62200e-06
       8    2475  3.22533e-06
       8    2505  3.33713e-06
       8    2535  2.29227e-06
       8    2565  1.74177e-06
       8    2595  2.18025e-06
       8    2625  2.24245e-06
       8    2655  1.31825e-06
       8    2685  1.14453e-06
       8    2715  1.40999e-06
       8    2745  1.41585e-06
       8    2775  8.02503e-07
       8    2805  6.92598e-07
       8    2835  8.01939e-07
       8    2865  7.57402e-07
       8    2895  3.72938e-07
       8    2925  4.49326e-07
       8    2955  7.29882e-07
       8    2985  6.31656e-07