 4      15 -0.000112442
       4      45  3.44424e-05
       4      75  4.86993e-05
       4     105  1.71019e-05
       4     135 -1.73630e-06
       4     165  6.10781e-05
       4     195  3.42670e-05
       4     225 -5.26333e-05
       4     255 -4.05605e-05
       4     285  6.58634e-05
       4     315  1.45276e-05
       4     345 -5.54604e-05
       4     375  4.48506e-05
       4     405  0.000112733
       4     435 -8.62608e-05
       4     465 -0.000157059
       4     495  8.06829e-06
       4     525  0.000108115
       4     555  0.000482235
       4     585   0.00165200
       4     615   0.00367018
       4     645   0.00681822
       4     675   0.00744880
       4     705   0.00627139
       4     735   0.00438773
       4     765   0.00224929
       4     795  0.000700171
       4     825  0.000112892
       4     855 -0.000172693
       4     885 -0.000478569
       4     915 -0.000309588
       4     945  4.66498e-05
       4     975  0.000192064
       4    1005  0.000110065
       4    1035  0.000105453
       4    1065  9.24883e-05
       4    1095  1.24976e-05
       4    1125 -5.59769e-05
       4    1155  1.63563e-05
       4    1185  1.67244e-05
       4    1215 -2.16032e-06
       4    1245 -3.71839e-05
       4    1275  2.30975e-05
       4    1305  3.32085e-05
       4    1335  1.56445e-05
       4    1365 -1.21270e-05
       4    1395  1.52400e-05
       4    1425  2.36285e-05
       4    1455 -4.43767e-06
       4    1485 -1.01772e-05
       4    1515  6.95520e-06
       4    1545  3.85468e-05
       4    1575 -1.04629e-05
       4    1605 -3.76921e-05
       4    1635  1.78442e-06
       4    1665  3.99211e-05
       4    1695 -3.41832e-05
       4    1725 -5.59025e-05
       4    1755  4.09147e-06
       4    1785  3.47585e-05
       4    1815 -1.91749e-05
       4    1845 -1.58565e-05
       4    1875  1.69884e-05
       4    1905  2.17790e-05
       4    1935 -2.53258e-05
       4    1965 -1.00655e-05
       4    1995  2.13728e-05
       4    2025  1.00622e-05
       4    2055 -2.33600e-05
       4    2085 -8.75178e-06
       4    2115  1.74954e-05
       4    2145  2.67847e-07
       4    2175 -2.42559e-05
       4    2205 -7.00556e-06
       4    2235  1.35512e-05
       4    2265 -1.04106e-05
       4    2295 -1.88251e-05
       4    2325 -3.12749e-06
       4    2355  9.49470e-06
       4    2385 -7.02258e-06
       4    2415 -1.54606e-05
       4    2445  5.07398e-06
       4    2475  7.23921e-06
       4    2505 -3.30776e-06
       4    2535 -1.16978e-05
       4    2565  4.18408e-06
       4    2595  2.74695e-06
       4    2625 -6.28101e-06
       4    2655 -8.30983e-06
       4    2685  3.22457e-06
       4    2715  1.37969e-06
       4    2745 -7.67392e-06
       4    2775 -6.01679e-06
       4    2805  1.79189e-06
       4    2835  7.34966e-07
       4    2865 -7.49767e-06
       4    2895 -2.96585e-06
       4    2925  9.72405e-07
       4    2955 -2.76715e-07
       4    2985 -5.24416e-06