  11      15 -0.000941793
      11      45  9.37525e-05
      11      75 -2.07661e-05
      11     105 -2.64997e-05
      11     135  1.42382e-05
      11     165  8.82285e-06
      11     195 -3.57445e-05
      11     225  1.47114e-06
      11     255  1.92845e-05
      11     285 -5.33685e-06
      11     315 -2.21193e-05
      11     345  1.61077e-05
      11     375  1.12136e-05
      11     405 -1.57746e-05
      11     435 -6.20073e-06
      11     465  1.54060e-05
      11     495  1.67314e-07
      11     525 -1.43078e-05
      11     555  4.55809e-06
      11     585  8.56854e-06
      11     615 -2.89772e-06
      11     645 -9.52499e-06
      11     675  1.09504e-05
      11     705  3.58313e-06
      11     735 -4.36444e-06
      11     765 -3.22721e-06
      11     795  9.97023e-06
      11     825  5.10262e-07
      11     855 -2.92926e-06
      11     885  2.11732e-06
      11     915  9.69293e-06
      11     945  3.55365e-06
      11     975  4.00999e-06
      11    1005  1.08304e-05
      11    1035  1.05758e-05
      11    1065  3.31933e-06
      11    1095  4.52049e-06
      11    1125  1.04062e-05
      11    1155  5.85472e-06
      11    1185  6.62124e-06
      11    1215  8.91073e-06
      11    1245  1.56973e-05
      11    1275  1.27107e-05
      11    1305  2.49988e-05
      11    1335  4.00927e-05
      11    1365  5.39933e-05
      11    1395  5.49672e-05
      11    1425  5.34522e-05
      11    1455  7.18433e-06
      11    1485 -9.67899e-05
      11    1515 -0.000189948
      11    1545 -0.000199234
      11    1575  2.95664e-05
      11    1605  0.000859125
      11    1635   0.00234976
      11    1665   0.00506997
      11    1695   0.00717118
      11    1725   0.00701593
      11    1755   0.00545296
      11    1785   0.00363543
      11    1815   0.00201705
      11    1845  0.000678926
      11    1875  5.91545e-05
      11    1905 -0.000128850
      11    1935 -0.000159929
      11    1965 -7.90422e-05
      11    1995 -3.48879e-06
      11    2025  3.20323e-05
      11    2055  3.83751e-05
      11    2085  3.10867e-05
      11    2115  3.17445e-05
      11    2145  3.21143e-05
      11    2175  2.80506e-05
      11    2205  2.22743e-05
      11    2235  2.12492e-05
      11    2265  2.13401e-05
      11    2295  1.88654e-05
      11    2325  1.48775e-05
      11    2355  1.41302e-05
      11    2385  1.33573e-05
      11    2415  9.87017e-06
      11    2445  7.49722e-06
      11    2475  7.41333e-06
      11    2505  7.44092e-06
      11    2535  5.86794e-06
      11    2565  4.79938e-06
      11    2595  5.01417e-06
      11    2625  5.63870e-06
      11    2655  4.37348e-06
      11    2685  3.47009e-06
      11    2715  3.18159e-06
      11    2745  2.98000e-06
      11    2775  2.45371e-06
      11    2805  2.10471e-06
      11    2835  2.06870e-06
      11    2865  1.71126e-06
      11    2895  1.25492e-06
      11    2925  1.14656e-06
      11    2955  1.19524e-06
      11    2985  1.09344e-06