  10      15 -0.000656366
      10      45  4.70910e-05
      10      75 -1.74767e-05
      10     105 -1.60650e-05
      10     135  7.57608e-06
      10     165 -2.89522e-06
      10     195 -2.32123e-05
      10     225  4.00391e-06
      10     255  1.03533e-05
      10     285 -8.09139e-06
      10     315 -1.28989e-05
      10     345  1.21338e-05
      10     375  5.58361e-06
      10     405 -1.29025e-05
      10     435 -1.80284e-06
      10     465  1.18483e-05
      10     495 -1.06814e-06
      10     525 -9.88428e-06
      10     555  5.07137e-06
      10     585  6.34101e-06
      10     615 -2.68830e-06
      10     645 -6.18314e-06
      10     675  8.33659e-06
      10     705  3.66357e-06
      10     735 -2.88807e-06
      10     765 -1.88302e-06
      10     795  7.58090e-06
      10     825  2.16685e-06
      10     855 -1.76455e-06
      10     885  2.69000e-06
      10     915  9.46617e-06
      10     945  8.61149e-06
      10     975  7.17363e-06
      10    1005  1.10915e-05
      10    1035  1.15445e-05
      10    1065  6.75129e-06
      10    1095  1.05971e-06
      10    1125  7.08732e-06
      10    1155  1.30450e-05
      10    1185  2.34154e-05
      10    1215  3.93734e-05
      10    1245  7.04611e-05
      10    1275  6.78389e-05
      10    1305  1.50913e-05
      10    1335 -0.000100586
      10    1365 -0.000185855
      10    1395 -0.000159367
      10    1425  4.81967e-05
      10    1455  0.000648579
      10    1485   0.00205390
      10    1515   0.00387006
      10    1545   0.00574962
      10    1575   0.00725470
      10    1605   0.00665160
      10    1635   0.00457575
      10    1665   0.00255193
      10    1695  0.000818689
      10    1725 -1.19501e-05
      10    1755 -0.000214037
      10    1785 -0.000194324
      10    1815 -0.000105089
      10    1845  6.66602e-06
      10    1875  5.97808e-05
      10    1905  6.45892e-05
      10    1935  5.28346e-05
      10    1965  3.84988e-05
      10    1995  2.62950e-05
      10    2025  1.62290e-05
      10    2055  1.30577e-05
      10    2085  1.31890e-05
      10    2115  1.21581e-05
      10    2145  8.90650e-06
      10    2175  8.87408e-06
      10    2205  9.70068e-06
      10    2235  8.24007e-06
      10    2265  6.64716e-06
      10    2295  6.47246e-06
      10    2325  6.77222e-06
      10    2355  6.36509e-06
      10    2385  6.38837e-06
      10    2415  6.02618e-06
      10    2445  5.97216e-06
      10    2475  5.33811e-06
      10    2505  5.20597e-06
      10    2535  4.63447e-06
      10    2565  3.98177e-06
      10    2595  3.45868e-06
      10    2625  3.53269e-06
      10    2655  2.96853e-06
      10    2685  2.64744e-06
      10    2715  2.77229e-06
      10    2745  3.00486e-06
      10    2775  2.39629e-06
      10    2805  1.63770e-06
      10    2835  1.47270e-06
      10    2865  1.43138e-06
      10    2895  1.43583e-06
      10    2925  1.16785e-06
      10    2955  9.25812e-07
      10    2985  7.56974e-07